lat,lon,sst
34.19,-75.61,30.28
34.19,-75.59,30.28
34.17,-75.67,30.2
34.17,-75.65,30.23
34.17,-75.63,30.26
34.17,-75.61,30.37
34.17,-75.59,30.47
34.15,-75.67,30.32
34.15,-75.65,30.29
34.15,-75.63,30.47
34.15,-75.61,30.65
34.15,-75.59,30.73
34.13,-75.77,30.31
34.13,-75.75,30.32
34.13,-75.69,30.33
34.13,-75.67,30.35
34.13,-75.65,30.44
34.13,-75.63,30.59
34.13,-75.61,30.64
34.13,-75.59,30.65
34.11,-81.25,30.77
34.11,-81.23,31.67
34.11,-75.85,30.13
34.11,-75.79,30.32
34.11,-75.77,30.33
34.11,-75.75,30.36
34.11,-75.73,30.31
34.11,-75.69,30.5
34.11,-75.67,30.56
34.11,-75.65,30.58
34.11,-75.63,30.62
34.11,-75.61,30.64
34.11,-75.59,30.64
34.09,-81.27,30.8
34.09,-81.25,30.71
34.09,-75.95,30.26
34.09,-75.93,30.3
34.09,-75.91,30.31
34.09,-75.89,30.31
34.09,-75.87,30.29
34.09,-75.85,30.26
34.09,-75.79,30.4
34.09,-75.77,30.39
34.09,-75.75,30.46
34.09,-75.73,30.35
34.09,-75.69,30.52
34.09,-75.67,30.65
34.09,-75.65,30.72
34.09,-75.63,30.62
34.09,-75.61,30.59
34.09,-75.59,30.58
34.07,-81.39,30.83
34.07,-81.37,30.86
34.07,-81.35,30.88
34.07,-81.33,30.95
34.07,-81.31,30.98
34.07,-81.29,30.7
34.07,-81.27,30.66
34.07,-75.95,30.27
34.07,-75.93,30.3
34.07,-75.91,30.34
34.07,-75.89,30.38
34.07,-75.87,30.43
34.07,-75.85,30.51
34.07,-75.83,30.47
34.07,-75.81,30.45
34.07,-75.79,30.47
34.07,-75.77,30.43
34.07,-75.75,30.41
34.07,-75.73,30.39
34.07,-75.69,30.44
34.07,-75.67,30.51
34.07,-75.65,30.7
34.07,-75.63,30.66
34.07,-75.61,30.52
34.07,-75.59,30.5
34.05,-81.41,30.94
34.05,-81.35,31.23
34.05,-81.33,31.64
34.05,-81.31,32.34
34.05,-81.29,30.61
34.05,-81.27,30.64
34.05,-81.25,30.59
34.05,-81.23,30.61
34.05,-76.03,30.03
34.05,-76.01,30.19
34.05,-75.99,30.29
34.05,-75.97,30.38
34.05,-75.95,30.46
34.05,-75.93,30.44
34.05,-75.91,30.39
34.05,-75.89,30.68
34.05,-75.87,30.69
34.05,-75.85,30.69
34.05,-75.83,30.62
34.05,-75.81,30.52
34.05,-75.79,30.47
34.05,-75.77,30.38
34.05,-75.75,30.42
34.05,-75.73,30.44
34.05,-75.67,30.52
34.05,-75.65,30.59
34.05,-75.63,30.7
34.05,-75.61,30.53
34.05,-75.59,30.51
34.05,-75.57,30.4
34.03,-81.35,31.03
34.03,-81.33,31.6
34.03,-81.23,30.67
34.03,-76.05,30.02
34.03,-76.03,30.1
34.03,-76.01,30.16
34.03,-75.99,30.35
34.03,-75.97,30.36
34.03,-75.95,30.53
34.03,-75.93,30.64
34.03,-75.91,30.69
34.03,-75.89,30.66
34.03,-75.87,30.78
34.03,-75.85,30.73
34.03,-75.83,30.63
34.03,-75.81,30.51
34.03,-75.79,30.47
34.03,-75.77,30.49
34.03,-75.75,30.53
34.03,-75.73,30.59
34.03,-75.71,30.4
34.03,-75.69,30.37
34.03,-75.67,30.46
34.03,-75.65,30.45
34.03,-75.63,30.57
34.03,-75.61,30.53
34.03,-75.59,30.48
34.03,-75.57,30.4
34.01,-76.11,30.15
34.01,-76.09,30.27
34.01,-76.07,30.34
34.01,-76.05,30.44
34.01,-76.03,30.57
34.01,-76.01,30.57
34.01,-75.99,30.5
34.01,-75.97,30.56
34.01,-75.95,30.62
34.01,-75.93,30.78
34.01,-75.91,30.79
34.01,-75.89,30.75
34.01,-75.87,30.79
34.01,-75.85,30.73
34.01,-75.83,30.66
34.01,-75.81,30.63
34.01,-75.79,30.67
34.01,-75.77,30.66
34.01,-75.75,30.66
34.01,-75.73,30.64
34.01,-75.71,30.47
34.01,-75.69,30.39
34.01,-75.67,30.44
34.01,-75.65,30.42
34.01,-75.63,30.4
34.01,-75.61,30.39
34.01,-75.59,30.41
34.01,-75.57,30.43
33.99,-76.13,30.1
33.99,-76.11,30.16
33.99,-76.09,30.32
33.99,-76.07,30.42
33.99,-76.05,30.45
33.99,-76.03,30.49
33.99,-76.01,30.49
33.99,-75.99,30.46
33.99,-75.97,30.51
33.99,-75.95,30.6
33.99,-75.93,30.73
33.99,-75.91,30.76
33.99,-75.89,30.77
33.99,-75.87,30.77
33.99,-75.85,30.74
33.99,-75.83,30.74
33.99,-75.81,30.78
33.99,-75.79,30.77
33.99,-75.77,30.72
33.99,-75.75,30.63
33.99,-75.73,30.57
33.99,-75.71,30.48
33.99,-75.69,30.4
33.99,-75.67,30.35
33.99,-75.65,30.27
33.99,-75.63,30.3
33.99,-75.61,30.52
33.99,-75.59,30.51
33.99,-75.57,30.51
33.97,-76.15,30.11
33.97,-76.13,30.14
33.97,-76.11,30.18
33.97,-76.09,30.36
33.97,-76.07,30.45
33.97,-76.05,30.4
33.97,-76.03,30.33
33.97,-76.01,30.32
33.97,-75.99,30.54
33.97,-75.97,30.51
33.97,-75.95,30.59
33.97,-75.93,30.69
33.97,-75.91,30.82
33.97,-75.89,30.94
33.97,-75.87,31.01
33.97,-75.85,31.0
33.97,-75.83,30.96
33.97,-75.81,30.96
33.97,-75.79,30.83
33.97,-75.77,30.76
33.97,-75.75,30.65
33.97,-75.73,30.57
33.97,-75.71,30.42
33.97,-75.69,30.31
33.97,-75.67,30.21
33.97,-75.65,30.13
33.97,-75.63,30.3
33.97,-75.61,30.52
33.97,-75.59,30.51
33.97,-75.57,30.51
33.95,-76.15,30.15
33.95,-76.13,30.22
33.95,-76.11,30.34
33.95,-76.09,30.38
33.95,-76.07,30.34
33.95,-76.05,30.32
33.95,-76.03,30.34
33.95,-76.01,30.41
33.95,-75.99,30.66
33.95,-75.97,30.88
33.95,-75.93,30.97
33.95,-75.91,31.02
33.95,-75.89,31.08
33.95,-75.87,31.09
33.95,-75.85,31.05
33.95,-75.83,31.0
33.95,-75.81,30.93
33.95,-75.79,30.88
33.95,-75.77,30.75
33.95,-75.75,30.61
33.95,-75.73,30.49
33.95,-75.71,30.46
33.95,-75.69,30.33
33.95,-75.67,30.24
33.95,-75.65,30.13
33.95,-75.59,30.49
33.95,-75.57,30.49
33.93,-76.19,30.18
33.93,-76.17,30.05
33.93,-76.15,30.13
33.93,-76.13,30.33
33.93,-76.11,30.53
33.93,-76.09,30.6
33.93,-76.07,30.53
33.93,-76.05,30.5
33.93,-76.03,30.57
33.93,-76.01,30.74
33.93,-75.99,30.94
33.93,-75.97,30.93
33.93,-75.95,30.93
33.93,-75.93,31.03
33.93,-75.91,31.03
33.93,-75.89,31.01
33.93,-75.87,30.99
33.93,-75.85,30.96
33.93,-75.83,30.99
33.93,-75.81,30.95
33.93,-75.79,30.82
33.93,-75.77,30.69
33.93,-75.75,30.54
33.93,-75.73,30.41
33.93,-75.71,30.46
33.93,-75.69,30.31
33.93,-75.67,30.16
33.93,-75.65,30.17
33.93,-75.63,30.28
33.91,-76.25,30.06
33.91,-76.23,30.11
33.91,-76.21,30.14
33.91,-76.19,30.17
33.91,-76.17,30.18
33.91,-76.15,30.31
33.91,-76.13,30.55
33.91,-76.11,30.64
33.91,-76.09,30.59
33.91,-76.07,30.55
33.91,-76.05,30.57
33.91,-76.03,30.79
33.91,-76.01,30.89
33.91,-75.99,30.95
33.91,-75.97,30.95
33.91,-75.95,30.97
33.91,-75.93,31.01
33.91,-75.91,31.03
33.91,-75.89,31.03
33.91,-75.87,31.02
33.91,-75.85,30.95
33.91,-75.83,30.96
33.91,-75.81,30.93
33.91,-75.79,30.8
33.91,-75.77,30.64
33.91,-75.75,30.5
33.91,-75.73,30.28
33.91,-75.71,30.2
33.91,-75.69,30.23
33.91,-75.67,30.14
33.91,-75.65,30.36
33.91,-75.63,30.36
33.89,-78.11,29.12
33.89,-78.09,29.15
33.89,-76.25,30.13
33.89,-76.23,30.14
33.89,-76.21,30.19
33.89,-76.19,30.22
33.89,-76.17,30.34
33.89,-76.15,30.5
33.89,-76.13,30.62
33.89,-76.11,30.61
33.89,-76.09,30.64
33.89,-76.07,30.65
33.89,-76.05,30.68
33.89,-76.03,30.79
33.89,-76.01,30.88
33.89,-75.99,30.93
33.89,-75.97,30.95
33.89,-75.95,30.94
33.89,-75.93,30.96
33.89,-75.91,31.01
33.89,-75.89,31.03
33.89,-75.87,31.03
33.89,-75.85,30.95
33.89,-75.83,30.94
33.89,-75.81,30.91
33.89,-75.79,30.76
33.89,-75.77,30.54
33.89,-75.75,30.3
33.89,-75.73,30.1
33.89,-75.71,30.12
33.89,-75.69,30.24
33.89,-75.67,30.4
33.89,-75.65,30.54
33.89,-75.63,30.55
33.87,-78.13,29.05
33.87,-76.23,30.2
33.87,-76.21,30.21
33.87,-76.19,30.26
33.87,-76.17,30.51
33.87,-76.15,30.6
33.87,-76.13,30.59
33.87,-76.11,30.61
33.87,-76.09,30.66
33.87,-76.07,30.66
33.87,-76.05,30.75
33.87,-76.03,30.76
33.87,-76.01,30.87
33.87,-75.99,30.92
33.87,-75.97,30.97
33.87,-75.95,30.93
33.87,-75.93,30.94
33.87,-75.91,30.95
33.87,-75.89,31.03
33.87,-75.87,31.07
33.87,-75.85,30.96
33.87,-75.83,31.0
33.87,-75.81,30.94
33.87,-75.79,30.74
33.87,-75.77,30.24
33.87,-75.75,30.06
33.87,-75.73,30.05
33.87,-75.71,30.17
33.87,-75.69,30.29
33.87,-75.67,30.49
33.87,-75.65,30.6
33.87,-75.63,30.56
33.87,-75.61,30.48
33.87,-75.55,29.85
33.85,-78.17,29.48
33.85,-78.15,29.13
33.85,-76.23,30.28
33.85,-76.21,30.28
33.85,-76.19,30.43
33.85,-76.17,30.65
33.85,-76.15,30.65
33.85,-76.13,30.6
33.85,-76.11,30.64
33.85,-76.09,30.65
33.85,-76.07,30.67
33.85,-76.05,30.73
33.85,-76.03,30.76
33.85,-76.01,30.79
33.85,-75.99,30.88
33.85,-75.97,30.91
33.85,-75.95,30.94
33.85,-75.93,30.96
33.85,-75.91,30.99
33.85,-75.89,31.0
33.85,-75.87,30.89
33.85,-75.85,31.18
33.85,-75.83,31.09
33.85,-75.81,30.94
33.85,-75.79,30.7
33.85,-75.77,30.09
33.85,-75.75,30.02
33.85,-75.73,30.17
33.85,-75.71,30.25
33.85,-75.69,30.29
33.85,-75.67,30.34
33.85,-75.65,30.4
33.85,-75.63,30.5
33.85,-75.61,30.43
33.85,-75.55,29.85
33.83,-76.21,30.28
33.83,-76.19,30.5
33.83,-76.17,30.6
33.83,-76.15,30.6
33.83,-76.13,30.62
33.83,-76.11,30.7
33.83,-76.09,30.71
33.83,-76.07,30.72
33.83,-76.05,30.82
33.83,-76.03,30.85
33.83,-76.01,30.85
33.83,-75.99,30.86
33.83,-75.97,30.87
33.83,-75.95,30.97
33.83,-75.93,30.96
33.83,-75.91,30.97
33.83,-75.89,30.97
33.83,-75.87,30.88
33.83,-75.85,30.91
33.83,-75.83,30.81
33.83,-75.81,30.64
33.83,-75.79,30.03
33.83,-75.77,30.0
33.83,-75.75,30.0
33.83,-75.73,30.13
33.83,-75.71,30.19
33.83,-75.69,30.18
33.83,-75.67,30.23
33.83,-75.65,30.31
33.83,-75.63,30.33
33.83,-75.61,30.11
33.83,-75.59,30.1
33.83,-75.57,29.99
33.83,-75.55,29.85
33.81,-76.21,30.31
33.81,-76.19,30.4
33.81,-76.17,30.48
33.81,-76.15,30.52
33.81,-76.13,30.57
33.81,-76.11,30.61
33.81,-76.09,30.79
33.81,-76.07,30.82
33.81,-76.05,30.86
33.81,-76.03,30.92
33.81,-76.01,30.97
33.81,-75.99,30.89
33.81,-75.97,30.89
33.81,-75.95,31.01
33.81,-75.93,30.99
33.81,-75.91,30.87
33.81,-75.89,30.83
33.81,-75.87,30.78
33.81,-75.85,30.72
33.81,-75.83,30.58
33.81,-75.81,30.37
33.81,-75.79,30.0
33.81,-75.77,29.98
33.81,-75.75,30.01
33.81,-75.73,30.03
33.81,-75.71,30.16
33.81,-75.69,30.11
33.81,-75.65,30.29
33.81,-75.63,30.34
33.79,-76.19,30.39
33.79,-76.17,30.44
33.79,-76.15,30.67
33.79,-76.13,30.64
33.79,-76.11,30.59
33.79,-76.09,30.74
33.79,-76.07,30.95
33.79,-76.05,30.9
33.79,-76.03,30.98
33.79,-76.01,30.93
33.79,-75.99,30.87
33.79,-75.97,30.91
33.79,-75.95,31.01
33.79,-75.93,30.95
33.79,-75.91,30.78
33.79,-75.89,30.71
33.79,-75.87,30.67
33.79,-75.85,30.57
33.79,-75.83,30.41
33.79,-75.81,30.2
33.79,-75.79,30.16
33.79,-75.65,30.18
33.77,-76.17,30.52
33.77,-76.15,30.71
33.77,-76.13,30.63
33.77,-76.11,30.61
33.77,-76.09,30.73
33.77,-76.07,30.84
33.77,-76.05,30.88
33.77,-76.03,30.89
33.77,-76.01,30.86
33.77,-75.99,30.88
33.77,-75.97,30.94
33.77,-75.95,30.96
33.77,-75.93,30.86
33.77,-75.91,30.67
33.77,-75.89,30.73
33.77,-75.87,30.62
33.77,-75.85,30.55
33.77,-75.83,30.26
33.77,-75.81,30.13
33.77,-75.79,30.03
33.77,-75.67,30.15
33.77,-75.65,30.15
33.75,-76.17,30.55
33.75,-76.15,30.6
33.75,-76.13,30.6
33.75,-76.11,30.61
33.75,-76.09,30.79
33.75,-76.07,30.81
33.75,-76.05,30.81
33.75,-76.03,30.76
33.75,-76.01,30.8
33.75,-75.99,30.91
33.75,-75.97,30.95
33.75,-75.95,30.85
33.75,-75.93,30.81
33.75,-75.91,30.75
33.75,-75.89,30.73
33.75,-75.87,30.61
33.75,-75.85,30.53
33.75,-75.83,30.44
33.75,-75.81,30.18
33.75,-75.79,29.96
33.75,-75.67,30.0
33.75,-75.65,30.0
33.73,-76.17,30.51
33.73,-76.15,30.53
33.73,-76.13,30.48
33.73,-76.11,30.52
33.73,-76.09,30.74
33.73,-76.07,30.83
33.73,-76.05,30.64
33.73,-76.03,30.65
33.73,-76.01,30.71
33.73,-75.99,30.82
33.73,-75.97,30.94
33.73,-75.95,30.89
33.73,-75.93,30.85
33.73,-75.91,30.72
33.73,-75.89,30.63
33.73,-75.87,30.59
33.73,-75.85,30.49
33.73,-75.83,30.47
33.73,-75.81,30.19
33.73,-75.79,29.93
33.71,-76.21,30.7
33.71,-76.19,30.73
33.71,-76.17,30.65
33.71,-76.15,30.58
33.71,-76.13,30.51
33.71,-76.09,30.61
33.71,-76.07,30.54
33.71,-76.05,30.55
33.71,-76.03,30.67
33.71,-76.01,30.69
33.71,-75.99,30.74
33.71,-75.97,30.79
33.71,-75.95,30.82
33.71,-75.93,30.79
33.71,-75.91,30.67
33.71,-75.89,30.41
33.71,-75.87,30.41
33.71,-75.85,30.4
33.71,-75.83,30.13
33.71,-75.81,30.08
33.71,-75.79,29.91
33.69,-76.23,30.37
33.69,-76.21,30.43
33.69,-76.19,30.51
33.69,-76.17,30.41
33.69,-76.15,30.31
33.69,-76.13,30.29
33.69,-76.07,30.42
33.69,-76.05,30.44
33.69,-76.03,30.46
33.69,-76.01,30.59
33.69,-75.99,30.71
33.69,-75.97,30.75
33.69,-75.95,30.74
33.69,-75.93,30.69
33.69,-75.91,30.52
33.69,-75.89,30.32
33.69,-75.87,30.3
33.69,-75.85,30.08
33.69,-75.83,30.07
33.69,-75.81,29.97
33.69,-75.79,29.94
33.69,-75.77,29.93
33.67,-76.23,30.4
33.67,-76.21,30.43
33.67,-76.19,30.45
33.67,-76.17,30.47
33.67,-76.15,30.48
33.67,-76.13,30.43
33.67,-76.07,30.43
33.67,-76.05,30.44
33.67,-76.03,30.45
33.67,-76.01,30.54
33.67,-75.99,30.66
33.67,-75.97,30.66
33.67,-75.95,30.54
33.67,-75.93,30.42
33.67,-75.91,30.39
33.67,-75.89,30.19
33.67,-75.87,30.17
33.67,-75.85,30.0
33.65,-76.23,30.44
33.65,-76.21,30.45
33.65,-76.19,30.41
33.65,-76.17,30.43
33.65,-76.15,30.48
33.65,-76.13,30.47
33.65,-76.11,30.4
33.65,-76.09,30.38
33.65,-76.07,30.52
33.65,-76.05,30.5
33.65,-76.03,30.54
33.65,-76.01,30.58
33.65,-75.99,30.59
33.65,-75.97,30.35
33.65,-75.95,30.26
33.65,-75.93,30.36
33.65,-75.91,30.35
33.63,-76.31,30.52
33.63,-76.21,30.41
33.63,-76.19,30.38
33.63,-76.17,30.39
33.63,-76.15,30.56
33.63,-76.13,30.48
33.63,-76.11,30.47
33.63,-76.09,30.45
33.63,-76.07,30.51
33.63,-76.05,30.45
33.63,-76.03,30.57
33.63,-76.01,30.64
33.63,-75.99,30.5
33.63,-75.97,30.22
33.63,-75.95,30.22
33.63,-75.93,30.26
33.63,-75.91,30.27
33.61,-76.77,29.85
33.61,-76.75,29.86
33.61,-76.73,29.85
33.61,-76.33,30.48
33.61,-76.31,30.52
33.61,-76.19,30.37
33.61,-76.15,30.47
33.61,-76.13,30.51
33.61,-76.11,30.68
33.61,-76.09,30.69
33.61,-76.07,30.6
33.61,-76.05,30.53
33.61,-76.03,30.57
33.61,-76.01,30.55
33.61,-75.99,30.44
33.61,-75.97,30.27
33.61,-75.95,30.17
33.61,-75.93,30.13
33.61,-75.87,29.97
33.59,-76.73,29.92
33.59,-76.71,29.95
33.59,-76.33,30.6
33.59,-76.31,30.55
33.59,-76.29,30.36
33.59,-76.25,30.28
33.59,-76.23,30.54
33.59,-76.21,30.53
33.59,-76.19,30.52
33.59,-76.15,30.39
33.59,-76.13,30.47
33.59,-76.11,30.62
33.59,-76.09,30.66
33.59,-76.07,30.68
33.59,-76.05,30.61
33.59,-76.03,30.42
33.59,-76.01,30.33
33.59,-75.99,30.31
33.59,-75.97,30.29
33.59,-75.95,30.06
33.57,-76.71,29.96
33.57,-76.37,30.32
33.57,-76.35,30.4
33.57,-76.33,30.54
33.57,-76.31,30.55
33.57,-76.29,30.4
33.57,-76.27,30.17
33.57,-76.25,30.25
33.57,-76.23,30.56
33.57,-76.21,30.55
33.57,-76.19,30.51
33.57,-76.15,30.41
33.57,-76.13,30.47
33.57,-76.11,30.51
33.57,-76.09,30.57
33.57,-76.07,30.59
33.57,-76.05,30.41
33.57,-76.03,30.21
33.57,-76.01,30.17
33.57,-75.99,30.04
33.57,-75.97,30.08
33.55,-76.69,30.08
33.55,-76.67,30.1
33.55,-76.65,30.16
33.55,-76.63,30.14
33.55,-76.61,30.09
33.55,-76.39,30.36
33.55,-76.37,30.32
33.55,-76.35,30.36
33.55,-76.33,30.46
33.55,-76.31,30.5
33.55,-76.29,30.22
33.55,-76.27,30.17
33.55,-76.25,30.18
33.55,-76.23,30.27
33.55,-76.21,30.26
33.55,-76.19,30.24
33.55,-76.17,30.29
33.55,-76.15,30.34
33.55,-76.13,30.37
33.55,-76.11,30.43
33.55,-76.09,30.46
33.55,-76.07,30.39
33.55,-76.05,30.27
33.55,-76.03,30.2
33.55,-75.99,29.93
33.55,-75.97,29.94
33.53,-80.47,32.18
33.53,-80.43,32.23
33.53,-76.71,29.95
33.53,-76.69,30.04
33.53,-76.67,30.05
33.53,-76.65,30.14
33.53,-76.63,30.22
33.53,-76.61,30.19
33.53,-76.47,30.52
33.53,-76.39,30.45
33.53,-76.37,30.4
33.53,-76.35,30.37
33.53,-76.33,30.37
33.53,-76.31,30.29
33.53,-76.29,30.2
33.53,-76.27,30.19
33.53,-76.25,30.17
33.53,-76.23,30.22
33.53,-76.21,30.22
33.53,-76.19,30.23
33.53,-76.17,30.3
33.53,-76.15,30.38
33.53,-76.13,30.42
33.53,-76.11,30.41
33.53,-76.09,30.59
33.53,-76.07,30.42
33.53,-76.05,30.27
33.51,-80.45,32.26
33.51,-80.43,32.27
33.51,-80.31,31.77
33.51,-80.19,31.63
33.51,-76.77,29.92
33.51,-76.75,29.95
33.51,-76.73,29.97
33.51,-76.67,30.08
33.51,-76.65,30.15
33.51,-76.63,30.27
33.51,-76.61,30.24
33.51,-76.51,30.01
33.51,-76.49,30.25
33.51,-76.47,30.52
33.51,-76.45,30.45
33.51,-76.43,30.34
33.51,-76.41,30.34
33.51,-76.39,30.35
33.51,-76.37,30.38
33.51,-76.35,30.41
33.51,-76.33,30.33
33.51,-76.29,30.08
33.51,-76.27,30.13
33.51,-76.21,30.2
33.51,-76.19,30.27
33.51,-76.17,30.49
33.51,-76.15,30.41
33.51,-76.13,30.36
33.51,-76.11,30.46
33.51,-76.09,30.44
33.51,-76.07,30.36
33.51,-76.05,30.16
33.51,-76.03,30.15
33.49,-80.43,32.22
33.49,-80.41,31.82
33.49,-80.33,31.66
33.49,-80.31,31.76
33.49,-80.29,31.85
33.49,-80.27,31.55
33.49,-80.25,31.3
33.49,-80.23,31.27
33.49,-76.75,29.95
33.49,-76.73,29.96
33.49,-76.65,30.04
33.49,-76.63,30.15
33.49,-76.59,30.02
33.49,-76.57,30.02
33.49,-76.55,29.97
33.49,-76.53,29.94
33.49,-76.51,29.98
33.49,-76.49,30.13
33.49,-76.47,30.24
33.49,-76.45,30.43
33.49,-76.43,30.43
33.49,-76.41,30.43
33.49,-76.39,30.33
33.49,-76.37,30.32
33.49,-76.35,30.36
33.49,-76.33,30.37
33.49,-76.31,30.27
33.49,-76.21,30.15
33.49,-76.19,30.2
33.49,-76.17,30.41
33.49,-76.15,30.35
33.49,-76.13,30.32
33.49,-76.11,30.37
33.49,-76.09,30.32
33.49,-76.07,30.2
33.49,-76.05,30.17
33.49,-76.03,30.16
33.49,-75.81,30.02
33.49,-75.79,30.03
33.49,-75.63,30.05
33.47,-80.41,31.69
33.47,-80.39,31.66
33.47,-80.37,31.6
33.47,-80.35,31.66
33.47,-80.33,31.69
33.47,-80.31,31.74
33.47,-80.29,31.84
33.47,-80.27,31.75
33.47,-80.21,31.57
33.47,-80.19,31.64
33.47,-80.17,31.72
33.47,-76.65,30.0
33.47,-76.61,30.03
33.47,-76.59,30.06
33.47,-76.57,30.09
33.47,-76.55,30.04
33.47,-76.53,30.29
33.47,-76.51,29.98
33.47,-76.39,30.39
33.47,-76.37,30.25
33.47,-76.35,30.14
33.47,-76.33,30.1
33.47,-76.31,30.14
33.47,-76.21,30.15
33.47,-76.19,30.2
33.47,-76.17,30.28
33.47,-76.15,30.26
33.47,-76.13,30.23
33.47,-76.11,30.21
33.47,-76.09,30.17
33.47,-76.07,30.18
33.47,-76.05,30.19
33.47,-76.03,30.14
33.45,-80.39,31.91
33.45,-80.37,32.03
33.45,-80.35,31.94
33.45,-80.33,31.85
33.45,-80.31,31.8
33.45,-80.19,31.67
33.45,-80.17,31.69
33.45,-76.59,30.08
33.45,-76.57,30.12
33.45,-76.55,30.27
33.45,-76.53,30.38
33.45,-76.45,30.23
33.45,-76.43,30.25
33.45,-76.41,30.07
33.45,-76.39,30.09
33.45,-76.37,30.04
33.45,-76.35,30.11
33.45,-76.21,30.1
33.45,-76.19,30.02
33.45,-76.17,30.03
33.45,-76.15,30.09
33.45,-76.13,30.15
33.45,-76.11,30.22
33.45,-76.09,30.25
33.45,-76.07,30.18
33.45,-76.05,30.04
33.45,-75.95,29.99
33.45,-75.93,29.99
33.45,-75.91,30.01
33.43,-80.17,31.78
33.43,-76.59,30.08
33.43,-76.57,30.1
33.43,-76.55,30.19
33.43,-76.53,30.25
33.43,-76.45,30.14
33.43,-76.43,30.24
33.43,-76.41,30.25
33.43,-76.39,30.19
33.43,-76.37,30.22
33.43,-76.35,30.22
33.43,-76.23,30.1
33.43,-76.21,30.12
33.43,-76.19,30.06
33.43,-76.17,30.04
33.43,-76.15,30.07
33.43,-76.13,30.13
33.43,-76.11,30.17
33.43,-76.09,30.25
33.43,-76.07,30.17
33.43,-76.05,30.08
33.43,-75.95,30.01
33.43,-75.93,29.98
33.43,-75.91,30.0
33.41,-76.59,30.06
33.41,-76.57,30.1
33.41,-76.55,30.24
33.41,-76.53,30.31
33.41,-76.51,30.27
33.41,-76.47,30.01
33.41,-76.45,30.01
33.41,-76.43,30.04
33.41,-76.41,30.03
33.41,-76.39,30.21
33.41,-76.37,30.29
33.41,-76.35,30.2
33.41,-76.23,30.16
33.41,-76.21,30.08
33.41,-76.19,30.03
33.41,-76.17,30.03
33.41,-76.13,30.07
33.41,-76.11,30.06
33.41,-76.09,30.1
33.41,-76.07,30.12
33.41,-75.91,30.04
33.39,-80.07,31.42
33.39,-76.61,30.01
33.39,-76.57,30.06
33.39,-76.55,30.12
33.39,-76.53,30.14
33.39,-76.47,30.02
33.39,-76.45,30.04
33.39,-76.43,30.11
33.39,-76.41,30.19
33.39,-76.39,30.25
33.39,-76.37,30.2
33.39,-76.35,30.08
33.39,-76.33,30.03
33.39,-76.31,30.11
33.39,-76.29,30.18
33.39,-76.27,30.22
33.39,-76.23,30.21
33.39,-76.21,30.15
33.39,-75.55,30.03
33.37,-80.05,31.32
33.37,-80.03,31.3
33.37,-80.01,31.29
33.37,-76.61,30.02
33.37,-76.59,30.04
33.37,-76.57,30.04
33.37,-76.53,30.07
33.37,-76.49,29.97
33.37,-76.47,30.0
33.37,-76.45,30.12
33.37,-76.43,30.31
33.37,-76.41,30.3
33.37,-76.39,30.23
33.37,-76.37,30.14
33.37,-76.35,30.09
33.37,-76.33,30.13
33.37,-76.31,30.23
33.37,-76.29,30.27
33.37,-76.21,30.22
33.35,-80.09,31.27
33.35,-80.07,31.27
33.35,-80.05,31.27
33.35,-80.03,31.16
33.35,-80.01,31.22
33.35,-79.99,31.29
33.35,-76.63,30.01
33.35,-76.53,30.04
33.35,-76.51,30.07
33.35,-76.49,30.07
33.35,-76.47,30.11
33.35,-76.45,30.34
33.35,-76.43,30.39
33.35,-76.41,30.32
33.35,-76.39,30.2
33.35,-76.37,30.14
33.35,-76.35,30.04
33.35,-76.33,30.01
33.35,-76.31,30.18
33.35,-76.29,30.32
33.35,-76.27,30.5
33.33,-80.11,31.31
33.33,-80.09,31.28
33.33,-80.05,31.37
33.33,-80.03,31.25
33.33,-80.01,31.36
33.33,-76.67,30.04
33.33,-76.65,30.03
33.33,-76.63,30.01
33.33,-76.53,30.07
33.33,-76.51,30.06
33.33,-76.49,30.05
33.33,-76.47,30.11
33.33,-76.45,30.23
33.33,-76.43,30.27
33.33,-76.41,30.21
33.33,-76.39,30.23
33.33,-76.37,30.17
33.33,-76.35,30.01
33.33,-76.33,30.05
33.33,-76.31,30.14
33.33,-76.29,30.31
33.33,-76.27,30.55
33.33,-76.17,30.26
33.31,-80.05,31.28
33.31,-80.03,31.26
33.31,-80.01,31.39
33.31,-79.99,31.72
33.31,-76.69,30.01
33.31,-76.67,30.03
33.31,-76.65,30.03
33.31,-76.63,30.02
33.31,-76.61,30.03
33.31,-76.47,30.19
33.31,-76.45,30.28
33.31,-76.43,30.3
33.31,-76.41,30.26
33.31,-76.39,30.21
33.31,-76.37,30.15
33.31,-76.35,30.09
33.31,-76.33,30.26
33.31,-76.31,30.17
33.31,-76.29,30.15
33.31,-76.27,30.22
33.31,-75.99,30.04
33.31,-75.57,30.03
33.31,-75.55,30.01
33.29,-80.11,31.29
33.29,-80.09,31.25
33.29,-80.07,31.2
33.29,-80.05,31.24
33.29,-80.03,31.35
33.29,-80.01,31.49
33.29,-79.99,31.69
33.29,-76.71,29.98
33.29,-76.69,29.99
33.29,-76.67,30.0
33.29,-76.65,30.01
33.29,-76.45,30.4
33.29,-76.43,30.47
33.29,-76.41,30.45
33.29,-76.39,30.38
33.29,-76.33,30.38
33.29,-76.31,30.41
33.29,-76.29,30.43
33.29,-76.27,30.3
33.29,-75.63,30.12
33.27,-80.11,31.3
33.27,-80.09,31.27
33.27,-80.07,31.3
33.27,-80.05,31.52
33.27,-80.03,31.5
33.27,-80.01,31.69
33.27,-79.99,31.73
33.27,-76.71,29.98
33.27,-76.69,29.98
33.27,-76.67,29.99
33.27,-76.49,29.99
33.27,-76.47,30.17
33.27,-76.45,30.49
33.27,-76.43,30.52
33.27,-76.41,30.45
33.27,-76.39,30.38
33.27,-76.33,30.19
33.27,-76.31,30.38
33.27,-75.65,30.17
33.27,-75.63,30.18
33.27,-75.51,30.06
33.25,-80.05,31.66
33.25,-80.03,31.46
33.25,-80.01,31.52
33.25,-79.99,31.77
33.25,-76.51,30.01
33.25,-76.49,30.0
33.25,-76.47,30.13
33.25,-76.45,30.32
33.25,-76.43,30.36
33.25,-76.41,30.34
33.25,-76.39,30.29
33.25,-76.37,30.26
33.25,-76.35,30.3
33.25,-76.33,30.25
33.25,-76.31,30.2
33.25,-75.65,30.1
33.23,-80.07,31.79
33.23,-80.05,31.8
33.23,-76.51,30.04
33.23,-76.49,30.08
33.23,-76.47,30.2
33.23,-76.45,30.26
33.23,-76.43,30.33
33.23,-76.41,30.26
33.23,-76.39,30.23
33.23,-76.37,30.24
33.23,-76.35,30.38
33.23,-76.33,30.3
33.23,-76.09,30.01
33.21,-76.65,30.13
33.21,-76.51,30.04
33.21,-76.49,30.09
33.21,-76.47,30.21
33.21,-76.45,30.28
33.21,-76.43,30.3
33.21,-76.41,30.3
33.21,-76.39,30.3
33.21,-76.37,30.23
33.21,-76.35,30.13
33.21,-76.33,30.03
33.21,-76.31,30.03
33.21,-76.29,30.06
33.19,-79.17,29.73
33.19,-79.15,29.25
33.19,-79.13,29.13
33.19,-76.73,30.09
33.19,-76.71,30.11
33.19,-76.69,30.09
33.19,-76.67,30.08
33.19,-76.51,30.08
33.19,-76.49,30.12
33.19,-76.47,30.16
33.19,-76.45,30.2
33.19,-76.43,30.27
33.19,-76.41,30.27
33.19,-76.39,30.25
33.19,-76.37,30.17
33.19,-76.35,30.07
33.19,-76.33,30.03
33.19,-76.31,30.08
33.17,-79.19,29.83
33.17,-79.17,29.42
33.17,-79.15,29.18
33.17,-79.13,29.16
33.17,-79.11,29.21
33.17,-76.69,30.13
33.17,-76.67,30.1
33.17,-76.51,30.01
33.17,-76.49,30.01
33.17,-76.47,30.05
33.17,-76.45,30.09
33.17,-76.43,30.23
33.17,-76.41,30.26
33.17,-76.39,30.19
33.17,-76.37,30.12
33.17,-76.35,30.03
33.17,-76.33,30.06
33.17,-76.31,30.07
33.15,-79.21,29.46
33.15,-79.19,29.43
33.15,-79.17,29.34
33.15,-79.15,29.17
33.15,-79.13,29.24
33.15,-79.11,29.3
33.15,-76.49,29.99
33.15,-76.47,30.0
33.15,-76.45,30.05
33.15,-76.43,30.16
33.15,-76.41,30.24
33.15,-76.39,30.09
33.15,-76.37,30.06
33.15,-76.35,30.05
33.15,-76.33,30.09
33.15,-76.31,30.06
33.13,-79.21,29.14
33.13,-79.19,29.18
33.13,-79.17,29.09
33.13,-79.15,29.12
33.13,-79.13,29.16
33.13,-79.11,29.19
33.13,-79.09,29.21
33.13,-76.51,30.02
33.13,-76.49,30.0
33.13,-76.47,29.98
33.13,-76.45,30.15
33.13,-76.43,30.19
33.13,-76.41,30.19
33.13,-76.39,30.09
33.13,-76.35,30.08
33.13,-76.33,30.08
33.11,-79.21,29.01
33.11,-79.19,28.93
33.11,-79.17,28.96
33.11,-79.15,29.0
33.11,-79.13,29.12
33.11,-79.11,29.25
33.11,-79.09,29.33
33.11,-79.07,29.32
33.11,-76.71,30.14
33.11,-76.51,30.06
33.11,-76.49,30.02
33.11,-76.45,30.21
33.11,-76.43,30.21
33.11,-76.41,30.14
33.09,-79.21,29.08
33.09,-79.19,29.04
33.09,-79.17,29.31
33.09,-79.15,29.41
33.09,-79.13,29.25
33.09,-79.11,29.4
33.09,-79.09,29.5
33.09,-79.07,29.62
33.09,-79.05,29.64
33.09,-76.53,30.1
33.09,-76.51,30.07
33.09,-76.49,30.0
33.09,-76.47,30.07
33.09,-76.45,30.07
33.09,-76.43,30.01
33.09,-76.41,30.02
33.09,-76.39,30.09
33.07,-79.29,28.94
33.07,-79.27,29.08
33.07,-79.25,29.28
33.07,-79.23,29.27
33.07,-79.21,29.18
33.07,-79.19,29.11
33.07,-79.17,29.29
33.07,-79.15,29.5
33.07,-79.13,29.51
33.07,-79.11,29.49
33.07,-79.09,29.5
33.07,-79.07,29.72
33.07,-79.05,29.67
33.07,-79.03,29.37
33.07,-79.01,29.19
33.07,-76.63,30.15
33.07,-76.61,30.15
33.07,-76.59,30.18
33.07,-76.57,30.12
33.07,-76.55,30.09
33.07,-76.53,30.07
33.07,-76.51,30.02
33.07,-76.49,30.23
33.07,-76.47,30.22
33.07,-76.45,30.02
33.07,-76.43,29.92
33.07,-76.41,29.95
33.05,-79.33,29.14
33.05,-79.31,29.16
33.05,-79.29,29.1
33.05,-79.27,29.12
33.05,-79.25,29.25
33.05,-79.23,29.29
33.05,-79.21,29.14
33.05,-79.19,29.14
33.05,-79.17,29.2
33.05,-79.15,29.39
33.05,-79.13,29.27
33.05,-79.11,29.28
33.05,-79.09,29.46
33.05,-79.07,29.61
33.05,-79.01,29.17
33.05,-78.99,28.93
33.05,-78.97,28.86
33.05,-76.63,30.12
33.05,-76.61,30.16
33.05,-76.59,30.18
33.05,-76.57,30.12
33.05,-76.55,30.05
33.05,-76.53,29.96
33.05,-76.51,30.03
33.05,-76.49,30.31
33.05,-76.47,30.4
33.05,-76.45,30.05
33.05,-76.43,29.99
33.05,-76.41,29.97
33.05,-76.39,30.02
33.03,-79.33,29.2
33.03,-79.31,29.2
33.03,-79.29,29.14
33.03,-79.27,29.11
33.03,-79.25,28.97
33.03,-79.23,28.94
33.03,-79.21,28.93
33.03,-79.19,28.98
33.03,-79.17,29.14
33.03,-79.15,29.12
33.03,-79.13,29.03
33.03,-79.11,29.08
33.03,-79.09,29.3
33.03,-78.99,28.8
33.03,-78.97,28.85
33.03,-76.63,30.17
33.03,-76.61,30.26
33.03,-76.59,30.2
33.03,-76.57,30.09
33.03,-76.55,30.07
33.03,-76.53,30.08
33.03,-76.51,30.15
33.03,-76.49,30.17
33.03,-76.47,30.2
33.03,-76.45,30.08
33.01,-79.35,29.17
33.01,-79.33,28.88
33.01,-79.31,28.75
33.01,-79.29,28.6
33.01,-79.27,28.52
33.01,-79.25,28.75
33.01,-79.23,28.81
33.01,-79.21,28.79
33.01,-79.19,28.75
33.01,-79.17,28.58
33.01,-79.15,28.69
33.01,-79.13,28.7
33.01,-79.11,28.71
33.01,-78.99,29.11
33.01,-78.97,29.2
33.01,-78.95,29.2
33.01,-76.65,30.15
33.01,-76.63,30.24
33.01,-76.61,30.24
33.01,-76.59,30.17
33.01,-76.57,30.12
33.01,-76.55,30.08
33.01,-76.53,30.07
33.01,-76.51,30.03
33.01,-76.49,30.01
33.01,-76.47,30.07
33.01,-76.45,30.02
33.01,-76.43,30.01
32.99,-79.31,28.6
32.99,-79.29,28.52
32.99,-79.27,28.29
32.99,-79.25,28.35
32.99,-79.23,28.8
32.99,-79.21,28.73
32.99,-79.19,28.65
32.99,-79.17,28.42
32.99,-79.15,28.76
32.99,-79.13,28.65
32.99,-79.11,28.64
32.99,-78.99,29.34
32.99,-78.97,29.2
32.99,-78.95,29.27
32.99,-78.93,29.3
32.99,-76.67,30.16
32.99,-76.65,30.2
32.99,-76.63,30.24
32.99,-76.61,30.21
32.99,-76.59,30.22
32.99,-76.57,30.11
32.99,-76.55,30.02
32.99,-76.53,29.96
32.99,-76.51,29.93
32.99,-76.49,29.96
32.99,-76.47,29.94
32.99,-76.45,30.02
32.99,-76.43,30.12
32.99,-76.41,30.13
32.97,-79.27,28.26
32.97,-79.25,28.28
32.97,-79.13,28.69
32.97,-79.11,28.74
32.97,-79.09,28.79
32.97,-78.99,29.59
32.97,-78.97,29.64
32.97,-78.95,29.72
32.97,-78.93,29.77
32.97,-78.91,29.85
32.97,-76.67,30.15
32.97,-76.65,30.24
32.97,-76.63,30.23
32.97,-76.61,30.19
32.97,-76.59,30.23
32.97,-76.57,30.16
32.97,-76.55,30.05
32.97,-76.53,29.95
32.97,-76.51,30.04
32.97,-76.49,30.02
32.97,-76.47,29.98
32.97,-76.45,30.05
32.97,-76.43,30.07
32.97,-76.41,30.08
32.95,-79.13,28.65
32.95,-79.11,28.68
32.95,-79.09,28.74
32.95,-79.07,29.08
32.95,-79.05,29.17
32.95,-79.03,29.32
32.95,-79.01,29.4
32.95,-78.99,29.68
32.95,-78.97,29.75
32.95,-78.95,29.9
32.95,-78.93,29.95
32.95,-78.91,29.94
32.95,-78.89,30.01
32.95,-76.65,30.19
32.95,-76.63,30.18
32.95,-76.61,30.17
32.95,-76.59,30.18
32.95,-76.57,30.2
32.95,-76.55,30.18
32.95,-76.53,30.11
32.95,-76.51,30.09
32.95,-76.49,30.07
32.95,-76.47,30.03
32.95,-76.45,29.98
32.95,-76.43,29.99
32.93,-79.13,28.67
32.93,-79.11,28.7
32.93,-79.09,28.77
32.93,-79.07,28.92
32.93,-79.05,29.19
32.93,-79.03,29.38
32.93,-79.01,29.42
32.93,-78.97,29.81
32.93,-78.95,29.87
32.93,-78.93,29.94
32.93,-78.91,29.98
32.93,-78.89,30.08
32.93,-78.87,30.2
32.93,-76.69,30.0
32.93,-76.67,30.03
32.93,-76.65,30.11
32.93,-76.63,30.19
32.93,-76.61,30.23
32.93,-76.59,30.26
32.93,-76.57,30.25
32.93,-76.55,30.18
32.93,-76.53,30.16
32.93,-76.51,30.13
32.93,-76.49,30.09
32.93,-76.47,30.04
32.91,-79.05,29.12
32.91,-78.95,29.9
32.91,-78.93,30.14
32.91,-78.91,30.17
32.91,-78.89,30.23
32.91,-78.87,30.31
32.91,-78.85,30.33
32.91,-76.71,30.0
32.91,-76.69,30.01
32.91,-76.67,30.05
32.91,-76.65,30.18
32.91,-76.63,30.28
32.91,-76.61,30.31
32.91,-76.59,30.29
32.91,-76.57,30.26
32.91,-76.55,30.17
32.91,-76.53,30.15
32.91,-76.51,30.06
32.91,-76.49,30.04
32.91,-76.47,30.02
32.89,-78.87,30.33
32.89,-78.85,30.31
32.89,-78.83,30.25
32.89,-76.69,30.06
32.89,-76.67,30.15
32.89,-76.65,30.31
32.89,-76.63,30.37
32.89,-76.61,30.35
32.89,-76.59,30.28
32.89,-76.57,30.24
32.89,-76.55,30.14
32.89,-76.53,30.18
32.89,-76.51,30.22
32.89,-76.49,30.11
32.87,-78.87,30.08
32.87,-78.85,30.03
32.87,-78.83,30.16
32.87,-76.69,30.15
32.87,-76.67,30.24
32.87,-76.65,30.32
32.87,-76.63,30.42
32.87,-76.61,30.39
32.87,-76.59,30.25
32.87,-76.57,30.18
32.87,-76.55,30.19
32.87,-76.53,30.25
32.87,-76.51,30.26
32.87,-76.49,30.15
32.85,-78.85,29.98
32.85,-78.83,30.23
32.85,-78.81,30.29
32.85,-78.79,30.44
32.85,-76.71,30.08
32.85,-76.69,30.13
32.85,-76.67,30.18
32.85,-76.65,30.25
32.85,-76.63,30.45
32.85,-76.61,30.31
32.85,-76.59,30.27
32.85,-76.57,30.21
32.85,-76.55,30.29
32.85,-76.53,30.35
32.85,-76.51,30.29
32.85,-76.49,30.24
32.85,-76.47,30.21
32.83,-78.95,29.54
32.83,-78.93,29.52
32.83,-78.87,29.84
32.83,-78.85,30.37
32.83,-78.83,30.32
32.83,-78.81,30.19
32.83,-78.79,30.45
32.83,-78.77,30.4
32.83,-78.75,30.4
32.83,-76.71,30.12
32.83,-76.69,30.12
32.83,-76.67,30.12
32.83,-76.65,30.22
32.83,-76.63,30.25
32.83,-76.61,30.28
32.83,-76.59,30.27
32.83,-76.57,30.22
32.83,-76.55,30.2
32.83,-76.53,30.24
32.83,-76.51,30.27
32.83,-76.49,30.25
32.83,-76.47,30.2
32.81,-78.97,29.57
32.81,-78.95,29.62
32.81,-78.93,29.59
32.81,-78.91,29.73
32.81,-78.89,29.78
32.81,-78.87,29.8
32.81,-78.85,29.96
32.81,-78.83,30.04
32.81,-78.81,30.19
32.81,-78.79,30.29
32.81,-78.77,30.41
32.81,-78.75,30.47
32.81,-78.73,30.47
32.81,-78.71,30.4
32.81,-76.71,30.07
32.81,-76.69,30.06
32.81,-76.67,30.11
32.81,-76.65,30.16
32.81,-76.63,30.26
32.81,-76.61,30.21
32.81,-76.59,30.14
32.81,-76.57,30.17
32.81,-76.55,30.2
32.79,-78.99,29.47
32.79,-78.97,29.53
32.79,-78.95,29.65
32.79,-78.93,29.68
32.79,-78.91,29.72
32.79,-78.89,29.84
32.79,-78.87,29.86
32.79,-78.85,29.9
32.79,-78.83,29.98
32.79,-78.81,30.31
32.79,-78.79,30.35
32.79,-78.77,30.44
32.79,-78.75,30.49
32.79,-78.73,30.52
32.79,-78.71,30.42
32.79,-78.69,30.42
32.79,-78.67,30.42
32.79,-76.69,30.07
32.79,-76.67,30.1
32.79,-76.65,30.19
32.79,-76.63,30.27
32.79,-76.61,30.24
32.79,-76.59,30.16
32.79,-76.57,30.15
32.79,-76.55,30.19
32.79,-76.53,30.21
32.79,-76.51,30.19
32.77,-78.99,29.36
32.77,-78.97,29.51
32.77,-78.95,29.62
32.77,-78.93,29.69
32.77,-78.91,29.7
32.77,-78.89,29.79
32.77,-78.87,29.87
32.77,-78.85,29.86
32.77,-78.83,30.04
32.77,-78.81,30.2
32.77,-78.79,30.22
32.77,-78.77,30.36
32.77,-78.75,30.4
32.77,-78.73,30.47
32.77,-78.71,30.52
32.77,-78.69,30.47
32.77,-78.67,30.43
32.77,-78.65,30.31
32.77,-78.63,30.18
32.77,-76.71,30.22
32.77,-76.69,30.27
32.77,-76.65,30.21
32.77,-76.63,30.25
32.77,-76.61,30.26
32.77,-76.59,30.25
32.77,-76.57,30.23
32.77,-76.55,30.18
32.77,-76.53,30.22
32.77,-76.51,30.2
32.75,-78.99,29.11
32.75,-78.97,29.23
32.75,-78.95,29.3
32.75,-78.93,29.57
32.75,-78.91,29.76
32.75,-78.89,29.75
32.75,-78.87,29.67
32.75,-78.85,29.82
32.75,-78.83,29.99
32.75,-78.81,30.13
32.75,-78.79,30.16
32.75,-78.77,30.24
32.75,-78.75,30.32
32.75,-78.73,30.35
32.75,-78.71,30.34
32.75,-78.69,30.19
32.75,-78.67,30.12
32.75,-78.65,30.1
32.75,-78.63,30.07
32.75,-78.61,29.99
32.75,-78.59,29.89
32.75,-78.57,29.82
32.75,-78.55,29.79
32.75,-76.73,30.2
32.75,-76.71,30.23
32.75,-76.69,30.25
32.75,-76.65,30.22
32.75,-76.63,30.23
32.75,-76.61,30.19
32.75,-76.59,30.2
32.75,-76.57,30.27
32.75,-76.53,30.23
32.75,-76.51,30.22
32.73,-78.99,29.01
32.73,-78.97,29.04
32.73,-78.95,29.31
32.73,-78.93,29.54
32.73,-78.91,29.78
32.73,-78.89,29.79
32.73,-78.87,29.81
32.73,-78.85,29.8
32.73,-78.83,29.85
32.73,-78.81,29.95
32.73,-78.79,30.01
32.73,-78.77,30.09
32.73,-78.75,30.22
32.73,-78.73,30.24
32.73,-78.71,30.13
32.73,-78.69,30.06
32.73,-78.67,30.05
32.73,-78.65,30.07
32.73,-78.63,30.09
32.73,-78.61,29.97
32.73,-78.59,29.91
32.73,-78.57,29.89
32.73,-78.55,29.87
32.73,-78.53,29.77
32.73,-78.51,29.81
32.71,-78.97,29.14
32.71,-78.95,29.39
32.71,-78.93,29.73
32.71,-78.91,29.77
32.71,-78.89,29.78
32.71,-78.87,29.8
32.71,-78.85,29.88
32.71,-78.83,29.92
32.71,-78.81,29.92
32.71,-78.79,29.94
32.71,-78.77,29.97
32.71,-78.75,30.05
32.71,-78.73,30.1
32.71,-78.71,30.06
32.71,-78.69,30.02
32.71,-78.67,30.05
32.71,-78.65,30.11
32.71,-78.63,30.12
32.71,-78.61,29.99
32.71,-78.59,29.94
32.71,-78.57,29.94
32.71,-78.55,29.95
32.71,-78.53,29.95
32.71,-78.51,29.97
32.71,-78.49,29.93
32.71,-78.47,29.94
32.71,-78.45,29.98
32.71,-78.43,29.95
32.71,-78.41,29.94
32.71,-78.39,29.88
32.71,-78.37,29.96
32.71,-78.35,30.05
32.71,-78.33,30.09
32.69,-78.97,29.23
32.69,-78.95,29.57
32.69,-78.93,29.67
32.69,-78.91,29.72
32.69,-78.89,29.78
32.69,-78.87,29.83
32.69,-78.85,29.91
32.69,-78.83,29.95
32.69,-78.81,29.93
32.69,-78.79,29.91
32.69,-78.77,29.93
32.69,-78.75,29.97
32.69,-78.73,30.03
32.69,-78.71,30.03
32.69,-78.69,30.04
32.69,-78.67,30.05
32.69,-78.65,30.07
32.69,-78.63,30.04
32.69,-78.61,30.0
32.69,-78.59,29.92
32.69,-78.57,29.9
32.69,-78.55,29.92
32.69,-78.53,29.93
32.69,-78.51,29.95
32.69,-78.49,29.97
32.69,-78.47,29.99
32.69,-78.45,30.0
32.69,-78.43,29.92
32.69,-78.41,29.87
32.69,-78.39,29.91
32.69,-78.37,30.0
32.69,-78.35,30.1
32.69,-78.33,30.11
32.69,-78.31,30.06
32.69,-78.29,29.98
32.69,-78.23,29.86
32.69,-77.97,29.94
32.67,-78.95,29.58
32.67,-78.93,29.72
32.67,-78.91,29.76
32.67,-78.89,29.8
32.67,-78.87,29.81
32.67,-78.85,29.83
32.67,-78.83,29.85
32.67,-78.81,29.92
32.67,-78.79,29.88
32.67,-78.77,29.91
32.67,-78.75,29.94
32.67,-78.73,29.99
32.67,-78.71,29.97
32.67,-78.69,30.0
32.67,-78.67,30.03
32.67,-78.65,29.96
32.67,-78.63,29.92
32.67,-78.61,29.91
32.67,-78.59,29.9
32.67,-78.57,29.91
32.67,-78.55,29.88
32.67,-78.53,29.93
32.67,-78.51,29.93
32.67,-78.49,29.96
32.67,-78.47,30.01
32.67,-78.45,30.03
32.67,-78.43,29.97
32.67,-78.41,29.96
32.67,-78.39,29.99
32.67,-78.37,30.02
32.67,-78.35,30.09
32.67,-78.33,30.05
32.67,-78.31,29.97
32.67,-78.29,29.89
32.67,-78.27,29.88
32.67,-78.25,29.9
32.67,-78.23,29.9
32.67,-78.21,29.93
32.67,-78.19,29.95
32.67,-78.03,29.82
32.67,-78.01,29.83
32.67,-76.59,30.24
32.67,-75.99,30.2
32.65,-79.81,30.05
32.65,-79.79,30.05
32.65,-78.93,29.69
32.65,-78.91,29.76
32.65,-78.89,29.82
32.65,-78.87,29.79
32.65,-78.85,29.81
32.65,-78.83,29.82
32.65,-78.81,29.83
32.65,-78.79,29.84
32.65,-78.77,29.86
32.65,-78.75,29.88
32.65,-78.73,29.92
32.65,-78.71,29.94
32.65,-78.69,29.94
32.65,-78.67,29.92
32.65,-78.65,29.91
32.65,-78.63,29.89
32.65,-78.61,29.87
32.65,-78.59,29.9
32.65,-78.57,29.9
32.65,-78.55,29.89
32.65,-78.53,29.94
32.65,-78.51,29.97
32.65,-78.49,30.01
32.65,-78.47,30.04
32.65,-78.45,30.0
32.65,-78.43,29.99
32.65,-78.41,29.99
32.65,-78.39,29.99
32.65,-78.37,29.98
32.65,-78.35,29.99
32.65,-78.33,29.98
32.65,-78.31,29.99
32.65,-78.29,30.0
32.65,-78.27,29.95
32.65,-78.25,29.92
32.65,-78.23,29.92
32.65,-78.21,29.92
32.65,-78.19,29.92
32.65,-78.17,29.86
32.65,-78.09,29.86
32.65,-78.07,29.85
32.65,-78.05,29.82
32.65,-78.03,29.85
32.65,-78.01,29.84
32.65,-76.59,30.22
32.63,-79.79,30.06
32.63,-79.77,29.52
32.63,-79.75,29.54
32.63,-78.91,29.73
32.63,-78.89,29.74
32.63,-78.87,29.75
32.63,-78.85,29.72
32.63,-78.83,29.76
32.63,-78.81,29.78
32.63,-78.79,29.79
32.63,-78.77,29.82
32.63,-78.75,29.86
32.63,-78.73,29.85
32.63,-78.71,29.85
32.63,-78.69,29.85
32.63,-78.67,29.83
32.63,-78.65,29.83
32.63,-78.63,29.83
32.63,-78.61,29.82
32.63,-78.59,29.87
32.63,-78.57,29.89
32.63,-78.55,29.93
32.63,-78.53,30.0
32.63,-78.51,30.08
32.63,-78.49,30.06
32.63,-78.47,29.95
32.63,-78.45,29.97
32.63,-78.43,30.03
32.63,-78.41,30.0
32.63,-78.39,29.94
32.63,-78.37,29.93
32.63,-78.35,29.97
32.63,-78.33,29.92
32.63,-78.31,29.92
32.63,-78.29,29.96
32.63,-78.27,29.93
32.63,-78.25,29.96
32.63,-78.23,30.0
32.63,-78.21,30.02
32.63,-78.19,29.97
32.63,-78.17,29.96
32.63,-78.15,29.99
32.63,-78.13,29.94
32.63,-78.11,29.9
32.63,-78.09,29.86
32.63,-78.07,29.87
32.63,-78.05,29.85
32.63,-78.03,29.86
32.63,-78.01,29.85
32.63,-77.61,29.9
32.63,-77.59,29.91
32.63,-77.45,29.71
32.63,-77.43,29.7
32.61,-79.85,30.12
32.61,-79.83,30.08
32.61,-79.81,30.06
32.61,-79.77,29.84
32.61,-79.75,29.77
32.61,-78.93,29.75
32.61,-78.91,29.72
32.61,-78.89,29.71
32.61,-78.87,29.67
32.61,-78.85,29.65
32.61,-78.83,29.71
32.61,-78.81,29.75
32.61,-78.79,29.78
32.61,-78.77,29.8
32.61,-78.75,29.77
32.61,-78.73,29.79
32.61,-78.71,29.8
32.61,-78.69,29.79
32.61,-78.67,29.79
32.61,-78.65,29.82
32.61,-78.63,29.77
32.61,-78.61,29.69
32.61,-78.59,29.86
32.61,-78.57,29.92
32.61,-78.55,29.97
32.61,-78.53,30.05
32.61,-78.51,30.1
32.61,-78.49,30.01
32.61,-78.47,30.03
32.61,-78.45,30.02
32.61,-78.43,30.04
32.61,-78.41,29.98
32.61,-78.39,29.95
32.61,-78.37,29.97
32.61,-78.35,29.98
32.61,-78.33,29.92
32.61,-78.31,29.9
32.61,-78.29,29.95
32.61,-78.27,30.01
32.61,-78.25,30.04
32.61,-78.23,30.08
32.61,-78.21,30.05
32.61,-78.19,30.09
32.61,-78.17,30.06
32.61,-78.15,30.04
32.61,-78.13,29.95
32.61,-78.11,29.92
32.61,-78.09,29.89
32.61,-78.07,29.93
32.61,-78.05,29.95
32.61,-78.03,29.9
32.61,-78.01,29.87
32.61,-77.63,29.86
32.61,-77.61,29.83
32.61,-77.59,29.79
32.61,-77.45,29.76
32.61,-77.43,29.76
32.59,-79.87,30.02
32.59,-79.85,30.06
32.59,-79.83,30.08
32.59,-79.81,30.01
32.59,-79.79,29.99
32.59,-79.77,29.83
32.59,-79.75,29.8
32.59,-78.95,29.68
32.59,-78.93,29.73
32.59,-78.91,29.68
32.59,-78.89,29.63
32.59,-78.87,29.68
32.59,-78.85,29.71
32.59,-78.83,29.73
32.59,-78.81,29.78
32.59,-78.79,29.82
32.59,-78.77,29.82
32.59,-78.75,29.78
32.59,-78.73,29.71
32.59,-78.71,29.83
32.59,-78.69,29.82
32.59,-78.67,29.86
32.59,-78.65,29.97
32.59,-78.63,29.82
32.59,-78.61,29.73
32.59,-78.59,29.79
32.59,-78.57,29.97
32.59,-78.55,29.99
32.59,-78.53,30.05
32.59,-78.51,30.13
32.59,-78.49,30.07
32.59,-78.47,30.12
32.59,-78.45,30.06
32.59,-78.43,30.07
32.59,-78.41,30.04
32.59,-78.39,30.02
32.59,-78.37,30.02
32.59,-78.35,29.98
32.59,-78.33,29.96
32.59,-78.31,29.95
32.59,-78.29,30.02
32.59,-78.27,30.02
32.59,-78.25,30.04
32.59,-78.23,30.13
32.59,-78.21,30.13
32.59,-78.19,30.12
32.59,-78.17,30.13
32.59,-78.15,30.12
32.59,-78.13,30.07
32.59,-78.11,29.91
32.59,-78.09,29.99
32.59,-78.07,29.98
32.59,-78.05,29.95
32.59,-78.03,29.96
32.59,-77.65,29.88
32.59,-77.63,29.86
32.59,-77.61,29.86
32.59,-77.59,29.81
32.59,-77.57,29.73
32.59,-77.55,29.67
32.59,-77.53,29.64
32.59,-77.51,29.68
32.59,-77.45,29.76
32.59,-77.43,29.75
32.59,-75.91,30.25
32.57,-79.97,29.49
32.57,-79.95,29.46
32.57,-79.93,29.47
32.57,-79.91,29.82
32.57,-79.89,29.8
32.57,-79.87,29.81
32.57,-79.85,29.62
32.57,-79.83,29.51
32.57,-79.81,29.5
32.57,-79.79,29.48
32.57,-79.77,29.48
32.57,-79.75,29.32
32.57,-78.97,29.48
32.57,-78.95,29.62
32.57,-78.93,29.65
32.57,-78.91,29.66
32.57,-78.89,29.64
32.57,-78.87,29.72
32.57,-78.85,29.73
32.57,-78.83,29.77
32.57,-78.81,29.81
32.57,-78.79,29.84
32.57,-78.77,29.81
32.57,-78.75,29.8
32.57,-78.73,29.89
32.57,-78.71,29.87
32.57,-78.69,29.66
32.57,-78.67,29.79
32.57,-78.65,29.96
32.57,-78.63,29.79
32.57,-78.61,29.69
32.57,-78.59,29.75
32.57,-78.57,29.83
32.57,-78.55,30.05
32.57,-78.53,30.2
32.57,-78.51,30.09
32.57,-78.49,30.06
32.57,-78.47,30.05
32.57,-78.45,30.04
32.57,-78.43,30.07
32.57,-78.41,30.05
32.57,-78.39,30.02
32.57,-78.37,30.03
32.57,-78.35,29.99
32.57,-78.33,29.94
32.57,-78.31,30.04
32.57,-78.29,30.05
32.57,-78.27,30.01
32.57,-78.25,30.16
32.57,-78.23,30.06
32.57,-78.21,30.08
32.57,-78.19,30.2
32.57,-78.17,30.11
32.57,-78.15,30.1
32.57,-78.13,30.07
32.57,-78.11,30.02
32.57,-78.09,30.03
32.57,-78.07,29.99
32.57,-78.05,29.93
32.57,-78.03,29.93
32.57,-77.71,29.69
32.57,-77.69,29.66
32.57,-77.63,29.75
32.57,-77.61,29.72
32.57,-77.59,29.74
32.57,-77.57,29.78
32.57,-77.55,29.71
32.57,-77.53,29.64
32.57,-77.51,29.66
32.55,-79.97,29.41
32.55,-79.95,29.43
32.55,-79.93,29.56
32.55,-79.91,29.61
32.55,-79.89,29.63
32.55,-79.87,29.83
32.55,-79.85,29.64
32.55,-79.83,29.58
32.55,-79.81,29.56
32.55,-79.79,29.48
32.55,-79.77,29.52
32.55,-79.75,29.41
32.55,-79.73,29.22
32.55,-78.97,29.38
32.55,-78.95,29.57
32.55,-78.93,29.68
32.55,-78.91,29.71
32.55,-78.89,29.76
32.55,-78.87,29.7
32.55,-78.85,29.72
32.55,-78.83,29.79
32.55,-78.81,29.83
32.55,-78.79,29.75
32.55,-78.77,29.74
32.55,-78.75,29.77
32.55,-78.73,29.88
32.55,-78.71,29.82
32.55,-78.69,29.73
32.55,-78.67,29.74
32.55,-78.65,29.75
32.55,-78.63,29.71
32.55,-78.61,29.65
32.55,-78.59,29.65
32.55,-78.57,29.9
32.55,-78.55,30.12
32.55,-78.53,30.05
32.55,-78.51,29.94
32.55,-78.49,29.94
32.55,-78.47,29.96
32.55,-78.45,30.01
32.55,-78.43,30.0
32.55,-78.41,30.02
32.55,-78.39,30.02
32.55,-78.37,30.05
32.55,-78.35,30.0
32.55,-78.33,29.95
32.55,-78.31,30.0
32.55,-78.29,29.93
32.55,-78.27,29.97
32.55,-78.25,30.15
32.55,-78.19,30.0
32.55,-78.17,29.9
32.55,-78.15,30.03
32.55,-78.13,30.07
32.55,-78.11,30.04
32.55,-78.09,29.93
32.55,-78.07,29.93
32.55,-78.05,29.93
32.55,-77.73,29.69
32.55,-77.71,29.74
32.55,-77.69,29.73
32.55,-77.67,29.65
32.55,-77.61,29.65
32.55,-77.59,29.67
32.55,-77.57,29.76
32.55,-77.55,29.81
32.55,-77.53,29.67
32.55,-77.51,29.63
32.53,-79.95,29.37
32.53,-79.93,29.42
32.53,-79.91,29.55
32.53,-79.89,29.54
32.53,-79.87,29.58
32.53,-79.85,29.6
32.53,-79.83,29.64
32.53,-79.81,29.6
32.53,-79.79,29.53
32.53,-79.77,29.43
32.53,-79.75,29.46
32.53,-79.73,29.26
32.53,-78.95,29.59
32.53,-78.93,29.64
32.53,-78.91,29.7
32.53,-78.89,29.78
32.53,-78.87,29.73
32.53,-78.85,29.71
32.53,-78.83,29.72
32.53,-78.81,29.73
32.53,-78.79,29.7
32.53,-78.77,29.75
32.53,-78.75,29.78
32.53,-78.73,29.83
32.53,-78.71,29.81
32.53,-78.69,29.8
32.53,-78.67,29.78
32.53,-78.65,29.73
32.53,-78.63,29.75
32.53,-78.61,29.8
32.53,-78.59,29.76
32.53,-78.57,29.77
32.53,-78.55,29.87
32.53,-78.53,29.87
32.53,-78.51,29.84
32.53,-78.49,29.9
32.53,-78.47,29.94
32.53,-78.45,30.02
32.53,-78.43,29.95
32.53,-78.41,29.98
32.53,-78.39,30.03
32.53,-78.37,30.02
32.53,-78.35,29.93
32.53,-78.33,29.87
32.53,-78.31,29.87
32.53,-78.29,29.75
32.53,-78.27,29.75
32.53,-78.21,29.81
32.53,-78.19,29.87
32.53,-78.17,29.88
32.53,-78.15,29.92
32.53,-78.13,29.95
32.53,-78.11,29.8
32.53,-78.09,29.77
32.53,-78.07,29.88
32.53,-77.75,29.64
32.53,-77.73,29.65
32.53,-77.71,29.63
32.53,-77.67,29.61
32.53,-77.65,29.61
32.53,-77.63,29.58
32.53,-77.61,29.57
32.53,-77.55,29.66
32.53,-77.53,29.65
32.53,-77.51,29.64
32.53,-77.49,29.67
32.51,-79.93,29.37
32.51,-79.91,29.4
32.51,-79.89,29.41
32.51,-79.87,29.43
32.51,-79.85,29.4
32.51,-79.83,29.54
32.51,-79.81,29.52
32.51,-79.79,29.5
32.51,-79.77,29.43
32.51,-79.75,29.37
32.51,-79.73,29.28
32.51,-78.89,29.78
32.51,-78.87,29.76
32.51,-78.85,29.73
32.51,-78.83,29.71
32.51,-78.81,29.74
32.51,-78.79,29.72
32.51,-78.77,29.76
32.51,-78.75,29.79
32.51,-78.73,29.82
32.51,-78.71,29.81
32.51,-78.69,29.78
32.51,-78.67,29.71
32.51,-78.65,29.76
32.51,-78.63,29.78
32.51,-78.61,29.84
32.51,-78.59,29.7
32.51,-78.57,29.74
32.51,-78.55,29.83
32.51,-78.53,29.8
32.51,-78.51,29.86
32.51,-78.49,29.9
32.51,-78.47,29.91
32.51,-78.45,29.94
32.51,-78.43,29.95
32.51,-78.41,29.96
32.51,-78.39,29.95
32.51,-78.37,29.92
32.51,-78.35,29.82
32.51,-78.33,29.81
32.51,-78.31,29.76
32.51,-78.29,29.66
32.51,-78.21,29.75
32.51,-78.19,29.75
32.51,-78.17,29.84
32.51,-78.15,29.83
32.51,-78.13,29.81
32.51,-78.11,29.66
32.51,-78.09,29.55
32.51,-78.07,29.5
32.51,-77.75,29.63
32.51,-77.73,29.66
32.51,-77.67,29.61
32.51,-77.65,29.68
32.51,-77.63,29.72
32.51,-77.61,29.6
32.51,-77.59,29.61
32.51,-77.57,29.69
32.51,-77.55,29.7
32.51,-77.53,29.76
32.51,-77.51,29.81
32.51,-77.49,29.83
32.49,-79.93,29.2
32.49,-79.91,29.25
32.49,-79.89,29.38
32.49,-79.87,29.36
32.49,-79.85,29.37
32.49,-79.83,29.37
32.49,-79.81,29.4
32.49,-79.79,29.5
32.49,-79.77,29.45
32.49,-79.75,29.38
32.49,-79.73,29.2
32.49,-78.89,29.7
32.49,-78.87,29.71
32.49,-78.85,29.67
32.49,-78.83,29.64
32.49,-78.81,29.71
32.49,-78.79,29.73
32.49,-78.77,29.76
32.49,-78.75,29.77
32.49,-78.73,29.75
32.49,-78.71,29.78
32.49,-78.69,29.73
32.49,-78.67,29.7
32.49,-78.65,29.77
32.49,-78.63,29.77
32.49,-78.61,29.73
32.49,-78.59,29.68
32.49,-78.57,29.73
32.49,-78.55,29.8
32.49,-78.53,29.79
32.49,-78.51,29.86
32.49,-78.49,29.83
32.49,-78.47,29.78
32.49,-78.45,29.84
32.49,-78.43,29.92
32.49,-78.41,29.96
32.49,-78.39,29.91
32.49,-78.37,29.86
32.49,-78.35,29.81
32.49,-78.33,29.79
32.49,-78.31,29.73
32.49,-78.29,29.67
32.49,-78.23,29.83
32.49,-78.21,29.82
32.49,-78.19,29.78
32.49,-78.17,29.79
32.49,-78.15,29.78
32.49,-78.13,29.82
32.49,-78.11,29.77
32.49,-78.09,29.76
32.49,-78.07,29.51
32.49,-77.75,29.64
32.49,-77.73,29.69
32.49,-77.71,29.66
32.49,-77.65,29.9
32.49,-77.63,29.85
32.49,-77.61,29.9
32.49,-77.59,29.92
32.49,-77.57,29.9
32.49,-77.55,30.01
32.49,-77.53,30.0
32.49,-77.51,29.88
32.47,-80.33,30.54
32.47,-80.15,29.51
32.47,-80.13,29.49
32.47,-80.09,29.52
32.47,-79.89,29.02
32.47,-79.87,29.11
32.47,-79.85,29.14
32.47,-79.83,29.11
32.47,-79.81,29.36
32.47,-79.79,29.37
32.47,-79.77,29.33
32.47,-79.75,29.28
32.47,-79.73,29.12
32.47,-78.89,29.76
32.47,-78.87,29.83
32.47,-78.85,29.69
32.47,-78.83,29.69
32.47,-78.81,29.72
32.47,-78.79,29.73
32.47,-78.77,29.77
32.47,-78.75,29.78
32.47,-78.73,29.76
32.47,-78.71,29.75
32.47,-78.69,29.76
32.47,-78.67,29.7
32.47,-78.65,29.72
32.47,-78.63,29.73
32.47,-78.61,29.76
32.47,-78.59,29.71
32.47,-78.57,29.7
32.47,-78.55,29.72
32.47,-78.53,29.79
32.47,-78.51,29.78
32.47,-78.49,29.76
32.47,-78.47,29.78
32.47,-78.45,29.86
32.47,-78.43,29.89
32.47,-78.41,29.95
32.47,-78.39,29.93
32.47,-78.37,29.85
32.47,-78.35,29.8
32.47,-78.33,29.79
32.47,-78.31,29.71
32.47,-78.29,29.66
32.47,-78.23,29.75
32.47,-78.21,29.68
32.47,-78.19,29.78
32.47,-78.17,29.74
32.47,-78.15,29.69
32.47,-78.13,29.7
32.47,-78.11,29.61
32.47,-78.09,29.74
32.47,-77.77,29.68
32.47,-77.75,29.77
32.47,-77.73,29.81
32.47,-77.71,29.72
32.47,-77.69,29.79
32.47,-77.67,29.86
32.47,-77.65,29.96
32.47,-77.63,30.12
32.47,-77.61,30.03
32.47,-77.59,30.01
32.47,-77.57,30.07
32.47,-77.55,30.18
32.47,-77.53,30.2
32.45,-80.37,30.77
32.45,-80.35,30.66
32.45,-80.33,30.61
32.45,-80.31,30.23
32.45,-80.17,29.55
32.45,-80.15,29.52
32.45,-80.11,29.49
32.45,-80.09,29.5
32.45,-79.89,29.0
32.45,-79.87,29.03
32.45,-79.85,29.17
32.45,-79.83,29.21
32.45,-79.81,29.2
32.45,-79.79,29.17
32.45,-79.77,29.23
32.45,-79.75,29.09
32.45,-79.73,29.23
32.45,-79.71,29.2
32.45,-78.89,29.68
32.45,-78.87,29.75
32.45,-78.85,29.74
32.45,-78.83,29.76
32.45,-78.81,29.77
32.45,-78.79,29.79
32.45,-78.77,29.77
32.45,-78.75,29.78
32.45,-78.73,29.74
32.45,-78.71,29.74
32.45,-78.69,29.73
32.45,-78.67,29.62
32.45,-78.65,29.67
32.45,-78.63,29.75
32.45,-78.61,29.7
32.45,-78.59,29.69
32.45,-78.57,29.72
32.45,-78.55,29.72
32.45,-78.53,29.77
32.45,-78.51,29.77
32.45,-78.49,29.78
32.45,-78.47,29.84
32.45,-78.45,29.89
32.45,-78.43,29.93
32.45,-78.41,29.95
32.45,-78.39,29.9
32.45,-78.37,29.79
32.45,-78.35,29.76
32.45,-78.33,29.74
32.45,-78.31,29.68
32.45,-78.29,29.64
32.45,-78.27,29.62
32.45,-78.23,29.61
32.45,-78.21,29.66
32.45,-78.19,29.68
32.45,-78.17,29.69
32.45,-78.15,29.69
32.45,-77.97,29.54
32.45,-77.95,29.59
32.45,-77.89,29.79
32.45,-77.79,30.11
32.45,-77.77,29.99
32.45,-77.75,29.95
32.45,-77.73,29.92
32.45,-77.71,29.84
32.45,-77.69,29.85
32.45,-77.67,29.94
32.45,-77.65,30.0
32.45,-77.63,30.03
32.45,-77.61,30.06
32.45,-77.59,30.11
32.45,-77.57,30.11
32.43,-80.37,30.53
32.43,-80.35,30.65
32.43,-80.33,30.33
32.43,-80.31,30.29
32.43,-80.29,30.16
32.43,-80.23,29.79
32.43,-80.21,29.77
32.43,-80.11,29.49
32.43,-80.09,29.52
32.43,-80.07,29.55
32.43,-79.81,29.18
32.43,-79.79,29.22
32.43,-79.77,29.31
32.43,-79.75,29.31
32.43,-79.73,29.23
32.43,-79.71,29.03
32.43,-79.69,28.92
32.43,-78.89,29.66
32.43,-78.87,29.72
32.43,-78.85,29.74
32.43,-78.83,29.76
32.43,-78.81,29.77
32.43,-78.79,29.77
32.43,-78.77,29.78
32.43,-78.75,29.73
32.43,-78.73,29.69
32.43,-78.71,29.7
32.43,-78.69,29.71
32.43,-78.67,29.7
32.43,-78.65,29.69
32.43,-78.63,29.66
32.43,-78.61,29.68
32.43,-78.59,29.72
32.43,-78.57,29.73
32.43,-78.55,29.72
32.43,-78.53,29.8
32.43,-78.51,29.8
32.43,-78.49,29.8
32.43,-78.47,29.88
32.43,-78.45,29.97
32.43,-78.43,29.87
32.43,-78.41,29.78
32.43,-78.39,29.75
32.43,-78.37,29.75
32.43,-78.35,29.79
32.43,-78.33,29.7
32.43,-78.31,29.6
32.43,-78.29,29.56
32.43,-78.27,29.56
32.43,-78.25,29.57
32.43,-78.23,29.59
32.43,-78.21,29.66
32.43,-78.19,29.69
32.43,-78.17,29.59
32.43,-78.15,29.54
32.43,-78.09,29.61
32.43,-78.07,29.6
32.43,-77.97,29.67
32.43,-77.95,29.68
32.43,-77.93,29.83
32.43,-77.91,30.01
32.43,-77.89,30.02
32.43,-77.87,29.98
32.43,-77.85,29.96
32.43,-77.83,30.05
32.43,-77.81,30.07
32.43,-77.79,30.14
32.43,-77.77,30.07
32.43,-77.75,30.01
32.43,-77.73,30.09
32.43,-77.71,30.12
32.43,-77.69,29.84
32.43,-77.67,29.87
32.43,-77.59,30.06
32.43,-77.57,30.09
32.41,-80.39,30.5
32.41,-80.37,30.51
32.41,-80.35,30.47
32.41,-80.33,30.24
32.41,-80.31,30.21
32.41,-80.29,30.2
32.41,-80.27,30.15
32.41,-80.25,30.18
32.41,-80.23,29.86
32.41,-80.21,29.86
32.41,-80.15,29.54
32.41,-80.13,29.51
32.41,-80.11,29.56
32.41,-80.09,29.66
32.41,-80.07,29.7
32.41,-80.05,29.58
32.41,-80.03,29.42
32.41,-79.79,29.23
32.41,-79.77,29.3
32.41,-79.75,29.45
32.41,-79.73,29.1
32.41,-79.71,28.8
32.41,-79.69,28.82
32.41,-78.91,29.52
32.41,-78.89,29.54
32.41,-78.87,29.66
32.41,-78.85,29.73
32.41,-78.83,29.74
32.41,-78.81,29.78
32.41,-78.79,29.81
32.41,-78.77,29.77
32.41,-78.75,29.7
32.41,-78.73,29.66
32.41,-78.71,29.66
32.41,-78.69,29.63
32.41,-78.67,29.62
32.41,-78.65,29.67
32.41,-78.63,29.64
32.41,-78.61,29.68
32.41,-78.59,29.73
32.41,-78.57,29.74
32.41,-78.55,29.81
32.41,-78.53,29.84
32.41,-78.51,29.79
32.41,-78.49,29.79
32.41,-78.47,29.85
32.41,-78.45,29.89
32.41,-78.43,29.74
32.41,-78.41,29.73
32.41,-78.39,29.72
32.41,-78.37,29.75
32.41,-78.35,29.79
32.41,-78.33,29.65
32.41,-78.31,29.59
32.41,-78.29,29.63
32.41,-78.27,29.7
32.41,-78.25,29.71
32.41,-78.23,29.74
32.41,-78.21,29.74
32.41,-78.19,29.71
32.41,-78.17,29.69
32.41,-78.15,29.7
32.41,-78.13,29.81
32.41,-78.11,29.86
32.41,-78.09,29.86
32.41,-78.07,29.86
32.41,-77.99,29.97
32.41,-77.97,29.93
32.41,-77.95,29.97
32.41,-77.93,29.98
32.41,-77.91,30.09
32.41,-77.89,30.12
32.41,-77.87,30.09
32.41,-77.85,30.14
32.41,-77.83,30.21
32.41,-77.81,30.15
32.41,-77.79,29.99
32.41,-77.77,29.91
32.41,-77.75,30.02
32.41,-77.73,30.01
32.41,-77.71,30.09
32.39,-80.41,30.42
32.39,-80.39,30.41
32.39,-80.37,30.31
32.39,-80.35,29.97
32.39,-80.33,29.96
32.39,-80.31,30.19
32.39,-80.29,30.19
32.39,-80.27,30.22
32.39,-80.25,30.21
32.39,-80.15,29.53
32.39,-80.13,29.55
32.39,-80.11,29.6
32.39,-80.09,29.68
32.39,-80.07,29.61
32.39,-80.05,29.49
32.39,-80.03,29.47
32.39,-79.79,29.25
32.39,-79.77,29.33
32.39,-79.75,29.31
32.39,-79.73,29.03
32.39,-79.71,29.01
32.39,-78.91,29.53
32.39,-78.89,29.58
32.39,-78.87,29.67
32.39,-78.85,29.77
32.39,-78.83,29.8
32.39,-78.81,29.82
32.39,-78.79,29.83
32.39,-78.77,29.74
32.39,-78.75,29.66
32.39,-78.73,29.61
32.39,-78.71,29.61
32.39,-78.69,29.59
32.39,-78.67,29.61
32.39,-78.65,29.66
32.39,-78.63,29.7
32.39,-78.61,29.72
32.39,-78.59,29.67
32.39,-78.57,29.72
32.39,-78.55,29.81
32.39,-78.53,29.71
32.39,-78.51,29.73
32.39,-78.49,29.75
32.39,-78.47,29.81
32.39,-78.45,29.83
32.39,-78.43,29.66
32.39,-78.41,29.73
32.39,-78.39,29.66
32.39,-78.37,29.72
32.39,-78.35,29.72
32.39,-78.33,29.66
32.39,-78.31,29.64
32.39,-78.29,29.76
32.39,-78.27,29.8
32.39,-78.25,29.81
32.39,-78.23,29.85
32.39,-78.21,29.91
32.39,-78.19,29.95
32.39,-78.17,29.95
32.39,-78.15,30.0
32.39,-78.13,30.06
32.39,-78.11,30.04
32.39,-78.09,30.02
32.39,-78.07,29.95
32.39,-77.99,29.97
32.39,-77.97,29.92
32.39,-77.95,29.95
32.39,-77.93,30.04
32.39,-77.91,30.05
32.39,-77.89,30.08
32.39,-77.87,30.1
32.39,-77.85,30.19
32.39,-77.83,30.19
32.39,-77.81,30.16
32.39,-77.79,30.15
32.39,-77.77,30.12
32.39,-77.75,30.01
32.39,-77.73,29.94
32.39,-77.71,29.96
32.39,-77.69,30.0
32.39,-77.67,30.12
32.39,-77.65,30.06
32.39,-77.63,30.04
32.39,-77.61,30.0
32.39,-77.59,29.96
32.37,-80.43,30.26
32.37,-80.41,30.22
32.37,-80.39,30.16
32.37,-80.37,30.2
32.37,-80.35,29.66
32.37,-80.33,29.71
32.37,-80.31,29.93
32.37,-80.29,30.02
32.37,-80.27,30.24
32.37,-80.15,29.53
32.37,-80.13,29.55
32.37,-80.11,29.62
32.37,-80.09,29.65
32.37,-80.07,29.63
32.37,-80.05,29.58
32.37,-79.71,29.1
32.37,-78.91,29.5
32.37,-78.89,29.51
32.37,-78.87,29.69
32.37,-78.85,29.73
32.37,-78.83,29.78
32.37,-78.81,29.8
32.37,-78.79,29.8
32.37,-78.77,29.71
32.37,-78.75,29.61
32.37,-78.73,29.59
32.37,-78.71,29.58
32.37,-78.69,29.55
32.37,-78.67,29.61
32.37,-78.65,29.67
32.37,-78.63,29.75
32.37,-78.61,29.7
32.37,-78.59,29.68
32.37,-78.57,29.67
32.37,-78.55,29.74
32.37,-78.53,29.73
32.37,-78.51,29.7
32.37,-78.49,29.71
32.37,-78.47,29.76
32.37,-78.45,29.84
32.37,-78.43,29.68
32.37,-78.41,29.7
32.37,-78.39,29.76
32.37,-78.37,29.74
32.37,-78.35,29.69
32.37,-78.33,29.72
32.37,-78.31,29.75
32.37,-78.29,29.81
32.37,-78.27,29.83
32.37,-78.25,29.87
32.37,-78.23,29.95
32.37,-78.21,30.04
32.37,-78.19,30.2
32.37,-78.17,30.24
32.37,-78.15,30.22
32.37,-78.13,30.06
32.37,-78.11,30.06
32.37,-78.09,30.09
32.37,-78.07,29.98
32.37,-77.99,29.78
32.37,-77.97,29.81
32.37,-77.95,29.91
32.37,-77.93,29.96
32.37,-77.91,30.04
32.37,-77.89,30.16
32.37,-77.87,30.2
32.37,-77.85,30.2
32.37,-77.83,30.17
32.37,-77.81,30.14
32.37,-77.79,30.14
32.37,-77.77,30.11
32.37,-77.75,30.08
32.37,-77.73,29.95
32.37,-77.71,29.89
32.37,-77.69,29.94
32.37,-77.67,30.01
32.37,-77.65,29.95
32.37,-77.63,30.03
32.37,-77.61,30.02
32.37,-77.59,29.99
32.35,-80.43,29.77
32.35,-80.41,29.77
32.35,-80.39,29.66
32.35,-80.37,29.59
32.35,-80.35,29.63
32.35,-80.33,29.59
32.35,-80.31,29.82
32.35,-80.29,29.84
32.35,-80.17,29.4
32.35,-80.15,29.38
32.35,-80.13,29.58
32.35,-80.11,29.62
32.35,-80.09,29.59
32.35,-80.07,29.51
32.35,-80.05,29.52
32.35,-78.91,29.53
32.35,-78.89,29.58
32.35,-78.87,29.64
32.35,-78.85,29.7
32.35,-78.83,29.72
32.35,-78.81,29.73
32.35,-78.79,29.7
32.35,-78.77,29.65
32.35,-78.75,29.63
32.35,-78.73,29.62
32.35,-78.71,29.62
32.35,-78.69,29.58
32.35,-78.67,29.64
32.35,-78.65,29.67
32.35,-78.63,29.68
32.35,-78.61,29.61
32.35,-78.59,29.6
32.35,-78.57,29.71
32.35,-78.55,29.78
32.35,-78.53,29.74
32.35,-78.51,29.74
32.35,-78.49,29.77
32.35,-78.47,29.76
32.35,-78.45,29.82
32.35,-78.43,29.78
32.35,-78.41,29.81
32.35,-78.39,29.82
32.35,-78.37,29.82
32.35,-78.35,29.83
32.35,-78.33,29.87
32.35,-78.31,29.87
32.35,-78.29,29.9
32.35,-78.27,29.96
32.35,-78.25,30.04
32.35,-78.23,30.13
32.35,-78.21,30.16
32.35,-78.19,30.21
32.35,-78.17,30.27
32.35,-78.15,30.19
32.35,-78.13,30.11
32.35,-78.11,30.03
32.35,-78.09,30.03
32.35,-78.07,29.95
32.35,-77.99,29.83
32.35,-77.97,29.82
32.35,-77.95,29.91
32.35,-77.93,30.05
32.35,-77.91,30.14
32.35,-77.89,30.17
32.35,-77.87,30.27
32.35,-77.85,30.25
32.35,-77.83,30.17
32.35,-77.81,30.13
32.35,-77.79,30.14
32.35,-77.77,30.12
32.35,-77.75,30.1
32.35,-77.73,30.04
32.35,-77.71,29.97
32.35,-77.69,29.97
32.35,-77.67,30.02
32.35,-77.65,30.03
32.33,-80.43,29.76
32.33,-80.41,29.71
32.33,-80.39,29.56
32.33,-80.37,29.43
32.33,-80.35,29.42
32.33,-80.33,29.44
32.33,-80.31,29.51
32.33,-80.17,29.18
32.33,-80.15,29.21
32.33,-80.13,29.39
32.33,-80.11,29.44
32.33,-80.09,29.39
32.33,-80.07,29.34
32.33,-80.05,29.29
32.33,-78.89,29.57
32.33,-78.87,29.58
32.33,-78.85,29.63
32.33,-78.83,29.64
32.33,-78.81,29.59
32.33,-78.79,29.61
32.33,-78.77,29.63
32.33,-78.75,29.61
32.33,-78.73,29.61
32.33,-78.71,29.62
32.33,-78.69,29.58
32.33,-78.67,29.62
32.33,-78.65,29.64
32.33,-78.63,29.61
32.33,-78.61,29.67
32.33,-78.59,29.72
32.33,-78.57,29.72
32.33,-78.55,29.75
32.33,-78.53,29.69
32.33,-78.51,29.82
32.33,-78.49,29.88
32.33,-78.47,29.89
32.33,-78.45,29.88
32.33,-78.43,29.87
32.33,-78.41,29.92
32.33,-78.39,29.83
32.33,-78.37,29.78
32.33,-78.35,29.83
32.33,-78.33,29.86
32.33,-78.31,29.99
32.33,-78.29,30.05
32.33,-78.27,30.16
32.33,-78.25,30.2
32.33,-78.23,30.18
32.33,-78.21,30.17
32.33,-78.19,30.21
32.33,-78.17,30.26
32.33,-78.15,30.23
32.33,-78.13,30.12
32.33,-78.11,29.98
32.33,-78.09,29.99
32.33,-78.07,29.99
32.33,-78.03,29.66
32.33,-78.01,29.76
32.33,-77.99,29.81
32.33,-77.97,29.84
32.33,-77.95,30.11
32.33,-77.93,30.15
32.33,-77.91,30.22
32.33,-77.89,30.28
32.33,-77.87,30.28
32.33,-77.85,30.25
32.33,-77.83,30.2
32.33,-77.81,30.19
32.33,-77.79,30.21
32.33,-77.77,30.14
32.33,-77.75,30.16
32.33,-77.73,30.14
32.33,-77.71,30.1
32.33,-77.69,30.1
32.31,-80.35,29.29
32.31,-80.17,29.26
32.31,-80.15,29.29
32.31,-80.13,29.34
32.31,-80.11,29.16
32.31,-80.09,29.18
32.31,-78.89,29.39
32.31,-78.87,29.42
32.31,-78.85,29.47
32.31,-78.83,29.53
32.31,-78.81,29.54
32.31,-78.79,29.54
32.31,-78.77,29.56
32.31,-78.75,29.58
32.31,-78.73,29.59
32.31,-78.71,29.59
32.31,-78.69,29.57
32.31,-78.67,29.58
32.31,-78.65,29.62
32.31,-78.63,29.67
32.31,-78.61,29.73
32.31,-78.59,29.77
32.31,-78.57,29.75
32.31,-78.55,29.82
32.31,-78.53,29.88
32.31,-78.51,30.02
32.31,-78.49,30.11
32.31,-78.47,30.11
32.31,-78.45,30.05
32.31,-78.43,29.94
32.31,-78.41,29.92
32.31,-78.39,29.94
32.31,-78.37,29.95
32.31,-78.35,29.97
32.31,-78.33,30.04
32.31,-78.31,30.11
32.31,-78.29,30.17
32.31,-78.27,30.17
32.31,-78.25,30.2
32.31,-78.23,30.24
32.31,-78.21,30.24
32.31,-78.19,30.24
32.31,-78.17,30.35
32.31,-78.15,30.39
32.31,-78.13,30.09
32.31,-78.11,30.05
32.31,-78.09,30.01
32.31,-78.07,30.02
32.31,-78.05,30.02
32.31,-78.01,29.89
32.31,-77.99,29.97
32.31,-77.97,30.06
32.31,-77.95,30.13
32.31,-77.93,30.21
32.31,-77.91,30.28
32.31,-77.89,30.31
32.31,-77.87,30.29
32.31,-77.85,30.31
32.31,-77.83,30.29
32.31,-77.81,30.32
32.31,-77.79,30.32
32.31,-77.77,30.26
32.31,-77.71,30.14
32.31,-77.69,30.14
32.29,-80.39,29.48
32.29,-80.37,29.49
32.29,-80.35,29.25
32.29,-80.33,29.28
32.29,-80.23,29.52
32.29,-80.21,29.18
32.29,-80.19,29.06
32.29,-80.17,29.33
32.29,-80.15,29.35
32.29,-80.13,29.16
32.29,-78.87,29.35
32.29,-78.85,29.44
32.29,-78.83,29.47
32.29,-78.81,29.55
32.29,-78.79,29.59
32.29,-78.77,29.6
32.29,-78.75,29.56
32.29,-78.73,29.53
32.29,-78.71,29.52
32.29,-78.69,29.53
32.29,-78.67,29.53
32.29,-78.65,29.66
32.29,-78.63,29.66
32.29,-78.61,29.7
32.29,-78.59,29.95
32.29,-78.57,30.05
32.29,-78.55,30.03
32.29,-78.53,30.13
32.29,-78.51,30.2
32.29,-78.49,30.19
32.29,-78.47,30.14
32.29,-78.45,30.05
32.29,-78.43,29.98
32.29,-78.41,29.9
32.29,-78.39,29.97
32.29,-78.37,30.02
32.29,-78.35,30.07
32.29,-78.33,30.11
32.29,-78.31,30.15
32.29,-78.29,30.21
32.29,-78.27,30.2
32.29,-78.25,30.23
32.29,-78.23,30.19
32.29,-78.21,30.17
32.29,-78.19,30.3
32.29,-78.17,30.24
32.29,-78.15,30.15
32.29,-78.13,30.24
32.29,-78.11,30.21
32.29,-78.09,30.01
32.29,-78.07,30.11
32.29,-78.05,30.11
32.29,-78.03,30.32
32.29,-78.01,30.0
32.29,-77.99,30.01
32.29,-77.97,30.07
32.29,-77.95,30.13
32.29,-77.93,30.31
32.29,-77.91,30.29
32.29,-77.89,30.26
32.29,-77.87,30.34
32.29,-77.85,30.37
32.29,-77.83,30.3
32.29,-77.81,30.35
32.29,-77.79,30.35
32.29,-77.77,30.22
32.29,-77.75,30.2
32.29,-77.73,30.26
32.29,-77.71,30.29
32.27,-80.43,29.56
32.27,-80.41,29.66
32.27,-80.39,29.53
32.27,-80.37,29.58
32.27,-80.23,29.57
32.27,-80.19,29.26
32.27,-80.17,29.43
32.27,-80.15,29.44
32.27,-78.89,29.18
32.27,-78.87,29.23
32.27,-78.85,29.41
32.27,-78.83,29.54
32.27,-78.81,29.56
32.27,-78.79,29.57
32.27,-78.77,29.51
32.27,-78.75,29.55
32.27,-78.73,29.58
32.27,-78.71,29.38
32.27,-78.69,29.52
32.27,-78.67,29.69
32.27,-78.65,29.91
32.27,-78.63,29.92
32.27,-78.61,29.95
32.27,-78.59,30.07
32.27,-78.57,30.27
32.27,-78.55,30.19
32.27,-78.53,30.15
32.27,-78.51,30.31
32.27,-78.49,30.21
32.27,-78.47,30.15
32.27,-78.45,30.06
32.27,-78.43,29.98
32.27,-78.41,30.0
32.27,-78.39,30.06
32.27,-78.37,30.07
32.27,-78.35,30.1
32.27,-78.33,30.12
32.27,-78.31,30.11
32.27,-78.29,30.15
32.27,-78.27,30.25
32.27,-78.25,30.25
32.27,-78.23,30.23
32.27,-78.21,30.24
32.27,-78.19,30.26
32.27,-78.17,30.22
32.27,-78.15,30.19
32.27,-78.13,30.18
32.27,-78.11,30.24
32.27,-78.09,30.19
32.27,-78.07,30.17
32.27,-78.05,30.18
32.27,-78.03,30.16
32.27,-78.01,30.15
32.27,-77.99,30.09
32.27,-77.97,30.05
32.27,-77.95,30.06
32.27,-77.93,30.49
32.27,-77.91,30.44
32.27,-77.89,30.36
32.27,-77.87,30.42
32.27,-77.85,30.26
32.27,-77.83,30.18
32.27,-77.81,30.4
32.27,-77.79,30.44
32.25,-80.41,29.44
32.25,-80.39,29.51
32.25,-80.37,29.57
32.25,-80.31,29.5
32.25,-80.29,29.51
32.25,-80.27,29.54
32.25,-80.17,29.41
32.25,-80.15,29.47
32.25,-78.87,29.19
32.25,-78.85,29.42
32.25,-78.83,29.54
32.25,-78.81,29.62
32.25,-78.79,29.61
32.25,-78.77,29.59
32.25,-78.75,29.68
32.25,-78.73,29.6
32.25,-78.71,29.56
32.25,-78.69,29.96
32.25,-78.67,30.03
32.25,-78.65,30.06
32.25,-78.63,30.1
32.25,-78.61,30.15
32.25,-78.59,30.24
32.25,-78.57,30.3
32.25,-78.55,30.34
32.25,-78.53,30.22
32.25,-78.51,30.26
32.25,-78.49,30.19
32.25,-78.47,30.09
32.25,-78.45,30.02
32.25,-78.43,30.01
32.25,-78.41,30.0
32.25,-78.39,30.02
32.25,-78.37,30.06
32.25,-78.35,30.06
32.25,-78.33,30.06
32.25,-78.31,30.09
32.25,-78.29,30.2
32.25,-78.27,30.29
32.25,-78.25,30.24
32.25,-78.23,30.25
32.25,-78.21,30.26
32.25,-78.19,30.24
32.25,-78.17,30.22
32.25,-78.15,30.25
32.25,-78.13,30.24
32.25,-78.11,30.25
32.25,-78.09,30.18
32.25,-78.07,30.15
32.25,-78.05,30.16
32.25,-78.03,30.13
32.25,-78.01,30.12
32.25,-77.99,30.14
32.25,-77.97,30.17
32.25,-77.95,30.25
32.25,-77.93,30.46
32.25,-77.91,30.49
32.25,-77.89,30.51
32.25,-77.87,30.48
32.25,-77.85,30.43
32.25,-77.83,30.45
32.23,-80.33,29.2
32.23,-80.31,29.37
32.23,-80.29,29.4
32.23,-80.15,29.47
32.23,-78.89,29.62
32.23,-78.87,29.54
32.23,-78.85,29.54
32.23,-78.83,29.66
32.23,-78.81,29.76
32.23,-78.79,29.84
32.23,-78.77,29.81
32.23,-78.75,29.82
32.23,-78.73,29.82
32.23,-78.71,29.91
32.23,-78.69,30.02
32.23,-78.67,30.08
32.23,-78.65,30.2
32.23,-78.63,30.22
32.23,-78.61,30.19
32.23,-78.59,30.19
32.23,-78.57,30.2
32.23,-78.55,30.2
32.23,-78.53,30.23
32.23,-78.51,30.24
32.23,-78.49,30.19
32.23,-78.47,30.07
32.23,-78.45,30.08
32.23,-78.43,30.03
32.23,-78.41,30.03
32.23,-78.39,30.04
32.23,-78.37,30.04
32.23,-78.35,30.03
32.23,-78.33,30.06
32.23,-78.31,30.18
32.23,-78.29,30.23
32.23,-78.27,30.26
32.23,-78.25,30.29
32.23,-78.23,30.28
32.23,-78.21,30.25
32.23,-78.19,30.18
32.23,-78.17,30.21
32.23,-78.15,30.25
32.23,-78.13,30.28
32.23,-78.11,30.24
32.23,-78.09,30.17
32.23,-78.07,30.15
32.23,-78.05,30.17
32.23,-78.03,30.06
32.23,-78.01,30.15
32.23,-77.99,30.2
32.23,-77.97,30.28
32.23,-77.95,30.33
32.23,-77.93,30.46
32.23,-77.91,30.67
32.23,-77.89,30.51
32.23,-77.87,30.43
32.23,-77.85,30.37
32.23,-77.83,30.53
32.21,-80.33,29.14
32.21,-80.31,29.21
32.21,-78.89,29.68
32.21,-78.87,29.67
32.21,-78.85,29.75
32.21,-78.83,29.86
32.21,-78.81,29.98
32.21,-78.79,30.04
32.21,-78.77,30.02
32.21,-78.75,30.05
32.21,-78.73,30.0
32.21,-78.71,30.01
32.21,-78.69,30.2
32.21,-78.67,30.24
32.21,-78.65,30.22
32.21,-78.63,30.17
32.21,-78.61,30.13
32.21,-78.59,30.12
32.21,-78.57,30.2
32.21,-78.55,30.22
32.21,-78.53,30.25
32.21,-78.51,30.27
32.21,-78.49,30.18
32.21,-78.47,30.12
32.21,-78.45,30.08
32.21,-78.43,30.0
32.21,-78.41,30.03
32.21,-78.39,30.04
32.21,-78.37,30.04
32.21,-78.35,30.04
32.21,-78.33,30.13
32.21,-78.31,30.19
32.21,-78.29,30.27
32.21,-78.27,30.35
32.21,-78.25,30.33
32.21,-78.23,30.24
32.21,-78.21,30.16
32.21,-78.19,30.16
32.21,-78.17,30.24
32.21,-78.15,30.26
32.21,-78.13,30.24
32.21,-78.11,30.21
32.21,-78.09,30.17
32.21,-78.07,30.16
32.21,-78.05,30.09
32.21,-78.03,30.04
32.21,-78.01,30.21
32.21,-77.99,30.23
32.21,-77.97,30.31
32.21,-77.95,30.33
32.21,-77.93,30.23
32.21,-77.91,30.32
32.21,-77.89,30.42
32.21,-77.87,30.39
32.21,-77.85,30.37
32.21,-77.83,30.33
32.21,-77.81,30.31
32.19,-80.53,30.08
32.19,-80.51,29.96
32.19,-80.49,29.92
32.19,-78.89,29.79
32.19,-78.87,30.0
32.19,-78.85,30.17
32.19,-78.83,30.14
32.19,-78.81,30.13
32.19,-78.79,30.13
32.19,-78.77,30.11
32.19,-78.75,30.15
32.19,-78.73,30.11
32.19,-78.71,30.17
32.19,-78.69,30.25
32.19,-78.67,30.14
32.19,-78.65,30.12
32.19,-78.63,30.12
32.19,-78.61,30.1
32.19,-78.59,30.18
32.19,-78.57,30.24
32.19,-78.55,30.24
32.19,-78.53,30.24
32.19,-78.51,30.25
32.19,-78.49,30.13
32.19,-78.47,30.1
32.19,-78.45,30.04
32.19,-78.43,30.06
32.19,-78.41,30.16
32.19,-78.39,30.11
32.19,-78.37,30.01
32.19,-78.35,30.0
32.19,-78.33,30.09
32.19,-78.31,30.2
32.19,-78.29,30.28
32.19,-78.27,30.36
32.19,-78.25,30.25
32.19,-78.23,30.15
32.19,-78.21,30.13
32.19,-78.19,30.24
32.19,-78.17,30.31
32.19,-78.15,30.21
32.19,-78.13,30.15
32.19,-78.11,30.19
32.19,-78.09,30.23
32.19,-78.07,30.2
32.19,-78.05,30.12
32.19,-78.03,30.14
32.19,-78.01,30.2
32.19,-77.99,30.23
32.19,-77.97,30.28
32.19,-77.95,30.32
32.19,-77.93,30.24
32.19,-77.91,30.27
32.19,-77.89,30.32
32.19,-77.87,30.28
32.19,-77.85,30.33
32.19,-77.83,30.37
32.19,-77.81,30.38
32.19,-77.79,30.32
32.19,-77.77,30.2
32.17,-80.53,30.07
32.17,-80.51,30.07
32.17,-80.49,30.04
32.17,-78.89,29.9
32.17,-78.87,30.23
32.17,-78.85,30.24
32.17,-78.83,30.2
32.17,-78.81,30.17
32.17,-78.79,30.17
32.17,-78.77,30.14
32.17,-78.75,30.13
32.17,-78.73,30.09
32.17,-78.71,30.12
32.17,-78.69,30.1
32.17,-78.67,30.12
32.17,-78.65,30.13
32.17,-78.63,30.11
32.17,-78.61,30.13
32.17,-78.59,30.18
32.17,-78.57,30.22
32.17,-78.55,30.22
32.17,-78.53,30.17
32.17,-78.51,30.18
32.17,-78.49,30.18
32.17,-78.47,30.19
32.17,-78.45,30.1
32.17,-78.43,30.1
32.17,-78.41,30.14
32.17,-78.39,30.1
32.17,-78.37,30.09
32.17,-78.35,30.05
32.17,-78.33,30.1
32.17,-78.31,30.18
32.17,-78.29,30.23
32.17,-78.27,30.22
32.17,-78.25,30.22
32.17,-78.23,30.2
32.17,-78.21,30.19
32.17,-78.19,30.26
32.17,-78.17,30.25
32.17,-78.15,30.16
32.17,-78.13,30.17
32.17,-78.11,30.2
32.17,-78.09,30.17
32.17,-78.07,30.13
32.17,-78.05,30.14
32.17,-78.03,30.13
32.17,-78.01,30.15
32.17,-77.99,30.11
32.17,-77.97,30.23
32.17,-77.95,30.23
32.17,-77.93,30.18
32.17,-77.91,30.19
32.17,-77.89,30.18
32.17,-77.87,30.17
32.17,-77.85,30.2
32.17,-77.83,30.21
32.17,-77.81,30.13
32.17,-77.79,30.11
32.17,-77.75,30.0
32.17,-77.69,30.32
32.17,-77.67,30.28
32.17,-77.65,30.17
32.15,-80.53,30.18
32.15,-80.51,30.17
32.15,-79.17,29.25
32.15,-79.15,29.29
32.15,-78.89,29.83
32.15,-78.87,30.18
32.15,-78.85,30.24
32.15,-78.83,30.19
32.15,-78.81,30.1
32.15,-78.79,30.06
32.15,-78.77,30.04
32.15,-78.75,30.07
32.15,-78.73,30.12
32.15,-78.71,30.12
32.15,-78.69,30.1
32.15,-78.67,30.12
32.15,-78.65,30.11
32.15,-78.63,30.1
32.15,-78.61,30.15
32.15,-78.59,30.17
32.15,-78.57,30.22
32.15,-78.55,30.23
32.15,-78.53,30.2
32.15,-78.51,30.18
32.15,-78.49,30.22
32.15,-78.47,30.18
32.15,-78.45,30.09
32.15,-78.43,30.1
32.15,-78.41,30.12
32.15,-78.39,30.11
32.15,-78.37,30.07
32.15,-78.35,30.08
32.15,-78.33,30.14
32.15,-78.31,30.14
32.15,-78.29,30.13
32.15,-78.27,30.17
32.15,-78.25,30.22
32.15,-78.23,30.25
32.15,-78.21,30.27
32.15,-78.19,30.22
32.15,-78.17,30.11
32.15,-78.15,30.1
32.15,-78.13,30.15
32.15,-78.11,30.19
32.15,-78.09,30.17
32.15,-78.07,30.02
32.15,-78.05,30.09
32.15,-78.03,30.1
32.15,-78.01,30.13
32.15,-77.99,30.19
32.15,-77.97,30.22
32.15,-77.95,30.1
32.15,-77.93,30.05
32.15,-77.91,30.07
32.15,-77.89,30.09
32.15,-77.87,30.14
32.15,-77.85,30.13
32.15,-77.83,30.12
32.15,-77.81,30.08
32.15,-77.79,30.02
32.15,-77.77,30.03
32.15,-77.75,30.04
32.15,-77.71,30.13
32.15,-77.69,30.19
32.15,-77.43,30.18
32.13,-80.63,29.8
32.13,-80.61,29.8
32.13,-80.59,30.1
32.13,-80.55,30.26
32.13,-80.53,30.26
32.13,-80.51,30.16
32.13,-80.49,30.16
32.13,-80.47,30.06
32.13,-80.45,30.11
32.13,-79.17,29.25
32.13,-79.15,29.3
32.13,-78.89,29.66
32.13,-78.87,30.03
32.13,-78.85,30.12
32.13,-78.83,29.92
32.13,-78.81,29.87
32.13,-78.79,29.91
32.13,-78.77,30.05
32.13,-78.75,30.11
32.13,-78.73,30.13
32.13,-78.71,30.09
32.13,-78.69,30.05
32.13,-78.67,30.02
32.13,-78.65,30.04
32.13,-78.63,30.15
32.13,-78.61,30.19
32.13,-78.59,30.3
32.13,-78.57,30.35
32.13,-78.55,30.3
32.13,-78.53,30.24
32.13,-78.51,30.15
32.13,-78.49,30.11
32.13,-78.47,30.07
32.13,-78.45,30.06
32.13,-78.43,30.08
32.13,-78.41,30.11
32.13,-78.39,30.09
32.13,-78.37,30.03
32.13,-78.35,30.07
32.13,-78.33,30.13
32.13,-78.31,30.09
32.13,-78.29,30.14
32.13,-78.27,30.23
32.13,-78.25,30.25
32.13,-78.23,30.31
32.13,-78.21,30.2
32.13,-78.19,30.06
32.13,-78.17,30.05
32.13,-78.15,30.15
32.13,-78.13,30.16
32.13,-78.11,30.18
32.13,-78.09,30.14
32.13,-78.07,29.99
32.13,-78.05,30.07
32.13,-78.03,30.05
32.13,-78.01,30.08
32.13,-77.99,30.11
32.13,-77.97,30.06
32.13,-77.95,30.04
32.13,-77.93,30.1
32.13,-77.91,30.09
32.13,-77.89,30.06
32.13,-77.87,30.1
32.13,-77.85,30.12
32.13,-77.83,30.09
32.13,-77.81,30.04
32.13,-77.79,30.1
32.13,-77.77,30.09
32.13,-77.75,30.18
32.13,-77.73,30.11
32.13,-77.71,30.06
32.13,-77.69,30.04
32.11,-80.61,29.79
32.11,-80.59,30.15
32.11,-80.57,30.18
32.11,-80.55,30.16
32.11,-80.53,30.12
32.11,-80.51,30.19
32.11,-80.49,30.28
32.11,-80.47,30.3
32.11,-80.45,30.2
32.11,-79.17,29.25
32.11,-79.15,29.3
32.11,-78.95,29.77
32.11,-78.93,29.82
32.11,-78.91,29.63
32.11,-78.89,29.8
32.11,-78.87,29.81
32.11,-78.85,29.82
32.11,-78.83,29.83
32.11,-78.81,29.89
32.11,-78.79,29.98
32.11,-78.77,30.01
32.11,-78.75,30.0
32.11,-78.73,30.02
32.11,-78.71,30.04
32.11,-78.69,30.03
32.11,-78.67,30.09
32.11,-78.65,30.17
32.11,-78.63,30.28
32.11,-78.61,30.29
32.11,-78.59,30.33
32.11,-78.57,30.28
32.11,-78.55,30.15
32.11,-78.53,30.12
32.11,-78.51,30.09
32.11,-78.49,30.1
32.11,-78.47,30.1
32.11,-78.45,30.07
32.11,-78.43,30.06
32.11,-78.41,30.1
32.11,-78.39,30.06
32.11,-78.37,30.07
32.11,-78.35,30.07
32.11,-78.33,30.08
32.11,-78.31,30.11
32.11,-78.29,30.18
32.11,-78.27,30.21
32.11,-78.25,30.26
32.11,-78.23,30.24
32.11,-78.21,30.13
32.11,-78.19,30.13
32.11,-78.17,30.14
32.11,-78.15,30.1
32.11,-78.13,30.08
32.11,-78.11,30.1
32.11,-78.09,30.07
32.11,-78.07,29.99
32.11,-78.05,30.05
32.11,-78.03,29.94
32.11,-78.01,30.0
32.11,-77.99,30.07
32.11,-77.97,30.06
32.11,-77.95,30.05
32.11,-77.93,30.07
32.11,-77.91,30.04
32.11,-77.89,30.03
32.11,-77.87,30.05
32.11,-77.85,30.09
32.11,-77.83,30.12
32.11,-77.81,30.06
32.11,-77.79,30.05
32.11,-77.77,30.1
32.11,-77.75,30.12
32.11,-77.73,30.11
32.11,-77.69,30.01
32.09,-80.61,30.23
32.09,-80.59,30.3
32.09,-80.57,30.25
32.09,-80.55,30.08
32.09,-80.53,30.11
32.09,-80.51,30.22
32.09,-80.49,30.3
32.09,-80.47,30.25
32.09,-80.45,30.1
32.09,-79.05,29.78
32.09,-79.03,29.75
32.09,-79.01,29.73
32.09,-78.99,29.78
32.09,-78.97,29.77
32.09,-78.95,29.84
32.09,-78.93,29.9
32.09,-78.91,29.9
32.09,-78.89,29.83
32.09,-78.87,29.82
32.09,-78.85,29.86
32.09,-78.83,29.87
32.09,-78.81,29.87
32.09,-78.79,29.93
32.09,-78.77,29.98
32.09,-78.75,30.02
32.09,-78.73,30.08
32.09,-78.71,30.09
32.09,-78.69,30.16
32.09,-78.67,30.24
32.09,-78.65,30.27
32.09,-78.63,30.21
32.09,-78.61,30.17
32.09,-78.59,30.2
32.09,-78.57,30.17
32.09,-78.55,30.1
32.09,-78.53,30.07
32.09,-78.51,30.03
32.09,-78.49,30.12
32.09,-78.47,30.13
32.09,-78.45,30.09
32.09,-78.43,30.07
32.09,-78.41,30.09
32.09,-78.39,30.07
32.09,-78.37,30.08
32.09,-78.35,30.05
32.09,-78.33,30.02
32.09,-78.31,30.1
32.09,-78.29,30.16
32.09,-78.27,30.19
32.09,-78.25,30.19
32.09,-78.23,30.18
32.09,-78.21,30.14
32.09,-78.19,30.14
32.09,-78.17,30.12
32.09,-78.15,30.03
32.09,-78.13,30.0
32.09,-78.11,29.97
32.09,-78.09,30.08
32.09,-78.07,30.0
32.09,-78.05,29.93
32.09,-78.03,29.9
32.09,-78.01,29.97
32.09,-77.99,29.98
32.09,-77.97,30.1
32.09,-77.95,30.05
32.09,-77.93,29.99
32.09,-77.91,29.92
32.09,-77.89,30.03
32.09,-77.87,30.11
32.09,-77.85,30.17
32.09,-77.83,30.17
32.09,-77.81,30.09
32.09,-77.79,30.1
32.09,-77.77,30.13
32.09,-77.75,30.04
32.09,-77.71,29.94
32.09,-77.69,29.96
32.09,-77.67,29.93
32.09,-77.65,29.9
32.09,-77.41,29.72
32.09,-77.39,29.76
32.09,-77.21,29.52
32.09,-77.19,29.54
32.09,-75.61,29.52
32.09,-75.59,29.55
32.09,-75.57,29.5
32.09,-75.55,29.49
32.07,-80.75,30.12
32.07,-80.73,30.2
32.07,-80.71,30.06
32.07,-80.69,29.96
32.07,-80.67,30.11
32.07,-80.65,30.2
32.07,-80.63,30.39
32.07,-80.61,30.61
32.07,-80.59,30.34
32.07,-80.57,29.94
32.07,-80.55,29.93
32.07,-80.53,30.12
32.07,-80.51,30.2
32.07,-80.49,30.21
32.07,-80.47,30.24
32.07,-80.45,30.18
32.07,-80.43,30.01
32.07,-79.25,29.63
32.07,-79.23,29.65
32.07,-79.21,29.66
32.07,-79.09,29.79
32.07,-79.07,29.77
32.07,-79.05,29.43
32.07,-79.03,29.5
32.07,-79.01,29.59
32.07,-78.99,29.81
32.07,-78.97,29.96
32.07,-78.95,29.99
32.07,-78.93,29.91
32.07,-78.91,29.92
32.07,-78.89,29.88
32.07,-78.87,29.95
32.07,-78.85,29.96
32.07,-78.83,29.89
32.07,-78.81,29.92
32.07,-78.79,30.04
32.07,-78.77,30.12
32.07,-78.75,30.2
32.07,-78.73,30.21
32.07,-78.71,30.25
32.07,-78.69,30.28
32.07,-78.67,30.26
32.07,-78.65,30.2
32.07,-78.63,30.2
32.07,-78.61,30.22
32.07,-78.59,30.15
32.07,-78.57,30.14
32.07,-78.55,30.1
32.07,-78.53,30.08
32.07,-78.51,30.05
32.07,-78.49,30.06
32.07,-78.47,30.09
32.07,-78.45,30.11
32.07,-78.43,30.09
32.07,-78.41,30.06
32.07,-78.39,30.08
32.07,-78.37,30.07
32.07,-78.35,30.02
32.07,-78.33,30.03
32.07,-78.31,30.1
32.07,-78.29,30.14
32.07,-78.27,30.13
32.07,-78.25,30.13
32.07,-78.23,30.13
32.07,-78.21,30.11
32.07,-78.19,30.01
32.07,-78.17,30.0
32.07,-78.15,30.02
32.07,-78.13,30.0
32.07,-78.11,30.04
32.07,-78.09,30.12
32.07,-78.07,29.99
32.07,-78.05,29.86
32.07,-78.03,29.88
32.07,-78.01,29.92
32.07,-77.99,29.93
32.07,-77.97,29.94
32.07,-77.95,30.0
32.07,-77.93,30.08
32.07,-77.91,30.1
32.07,-77.89,30.08
32.07,-77.87,30.16
32.07,-77.85,30.18
32.07,-77.83,30.19
32.07,-77.81,30.17
32.07,-77.79,30.09
32.07,-77.77,30.02
32.07,-77.75,29.99
32.07,-77.73,29.98
32.07,-77.71,29.9
32.07,-77.69,29.9
32.07,-77.67,29.91
32.07,-77.65,29.89
32.07,-77.49,29.71
32.07,-77.47,29.7
32.07,-77.45,29.65
32.07,-77.43,29.64
32.07,-77.41,29.68
32.07,-77.39,29.76
32.07,-77.29,29.62
32.07,-77.27,29.6
32.07,-77.23,29.53
32.07,-77.21,29.51
32.07,-75.61,29.45
32.07,-75.59,29.47
32.07,-75.57,29.51
32.05,-80.75,30.1
32.05,-80.73,29.77
32.05,-80.71,29.81
32.05,-80.69,30.04
32.05,-80.67,30.16
32.05,-80.65,30.5
32.05,-80.63,30.47
32.05,-80.61,30.35
32.05,-80.59,30.15
32.05,-80.57,29.98
32.05,-80.55,29.84
32.05,-80.53,30.0
32.05,-80.51,30.13
32.05,-80.49,30.19
32.05,-80.47,30.22
32.05,-80.45,30.25
32.05,-80.43,29.67
32.05,-80.41,29.27
32.05,-79.29,29.69
32.05,-79.27,29.77
32.05,-79.25,29.79
32.05,-79.23,29.71
32.05,-79.21,29.69
32.05,-79.19,29.66
32.05,-78.97,29.97
32.05,-78.95,29.97
32.05,-78.93,29.93
32.05,-78.91,29.99
32.05,-78.89,30.04
32.05,-78.87,30.01
32.05,-78.85,29.99
32.05,-78.83,30.03
32.05,-78.81,30.12
32.05,-78.79,30.21
32.05,-78.77,30.27
32.05,-78.75,30.28
32.05,-78.73,30.3
32.05,-78.71,30.29
32.05,-78.69,30.25
32.05,-78.67,30.26
32.05,-78.65,30.24
32.05,-78.63,30.18
32.05,-78.61,30.21
32.05,-78.59,30.18
32.05,-78.57,30.12
32.05,-78.55,30.13
32.05,-78.53,30.15
32.05,-78.51,30.1
32.05,-78.49,30.07
32.05,-78.47,30.15
32.05,-78.45,30.13
32.05,-78.43,30.04
32.05,-78.41,30.05
32.05,-78.39,30.03
32.05,-78.37,30.07
32.05,-78.35,30.08
32.05,-78.33,30.04
32.05,-78.31,30.06
32.05,-78.29,30.13
32.05,-78.27,30.12
32.05,-78.25,30.09
32.05,-78.23,30.05
32.05,-78.21,30.01
32.05,-78.19,29.97
32.05,-78.17,29.99
32.05,-78.15,29.99
32.05,-78.13,29.93
32.05,-78.11,30.04
32.05,-78.09,30.08
32.05,-78.07,30.04
32.05,-78.05,29.91
32.05,-78.03,29.9
32.05,-78.01,29.84
32.05,-77.99,29.9
32.05,-77.97,29.92
32.05,-77.95,29.91
32.05,-77.93,30.07
32.05,-77.91,30.1
32.05,-77.89,30.14
32.05,-77.87,30.16
32.05,-77.85,30.13
32.05,-77.83,30.03
32.05,-77.77,29.97
32.05,-77.75,29.91
32.05,-77.73,29.95
32.05,-77.71,29.95
32.05,-77.69,29.89
32.05,-77.67,29.89
32.05,-77.53,29.77
32.05,-77.51,29.76
32.05,-77.49,29.66
32.05,-77.47,29.62
32.05,-77.45,29.61
32.05,-77.43,29.61
32.05,-77.29,29.58
32.05,-77.27,29.56
32.05,-77.25,29.51
32.05,-77.23,29.44
32.05,-77.21,29.26
32.05,-75.63,29.76
32.05,-75.59,29.49
32.03,-80.73,29.82
32.03,-80.71,30.09
32.03,-80.69,30.27
32.03,-80.67,30.29
32.03,-80.65,30.81
32.03,-80.63,30.42
32.03,-80.61,30.24
32.03,-80.59,30.18
32.03,-80.57,30.12
32.03,-80.55,30.03
32.03,-80.53,30.0
32.03,-80.51,30.1
32.03,-80.49,30.09
32.03,-80.47,30.2
32.03,-80.45,30.26
32.03,-80.43,30.17
32.03,-80.41,28.92
32.03,-80.39,28.85
32.03,-79.31,29.61
32.03,-79.29,29.7
32.03,-79.27,29.71
32.03,-79.25,29.75
32.03,-79.23,29.65
32.03,-79.21,29.68
32.03,-79.19,29.61
32.03,-79.17,29.62
32.03,-79.15,29.65
32.03,-78.97,29.86
32.03,-78.95,29.88
32.03,-78.93,29.94
32.03,-78.91,30.2
32.03,-78.89,30.2
32.03,-78.87,30.17
32.03,-78.85,30.17
32.03,-78.83,30.17
32.03,-78.81,30.24
32.03,-78.79,30.29
32.03,-78.77,30.36
32.03,-78.75,30.32
32.03,-78.73,30.33
32.03,-78.71,30.33
32.03,-78.69,30.33
32.03,-78.67,30.32
32.03,-78.65,30.26
32.03,-78.63,30.16
32.03,-78.61,30.15
32.03,-78.59,30.18
32.03,-78.57,30.22
32.03,-78.55,30.19
32.03,-78.53,30.17
32.03,-78.51,30.1
32.03,-78.49,30.07
32.03,-78.47,30.16
32.03,-78.45,30.14
32.03,-78.43,30.11
32.03,-78.41,30.11
32.03,-78.39,30.09
32.03,-78.37,30.06
32.03,-78.35,30.06
32.03,-78.33,30.08
32.03,-78.31,30.09
32.03,-78.29,30.06
32.03,-78.27,30.05
32.03,-78.25,30.05
32.03,-78.23,29.99
32.03,-78.21,30.02
32.03,-78.19,29.99
32.03,-78.17,29.82
32.03,-78.15,29.85
32.03,-78.13,29.99
32.03,-78.11,30.04
32.03,-78.09,30.05
32.03,-78.07,29.95
32.03,-78.05,29.77
32.03,-78.03,29.73
32.03,-78.01,29.82
32.03,-77.99,29.89
32.03,-77.97,29.9
32.03,-77.95,29.91
32.03,-77.93,30.01
32.03,-77.91,30.07
32.03,-77.89,30.15
32.03,-77.87,30.14
32.03,-77.85,30.04
32.03,-77.81,29.91
32.03,-77.79,29.97
32.03,-77.77,29.77
32.03,-77.75,29.87
32.03,-77.73,29.98
32.03,-77.71,29.96
32.03,-77.69,29.94
32.03,-77.67,29.91
32.03,-77.53,29.75
32.03,-77.51,29.72
32.03,-77.49,29.68
32.03,-77.47,29.6
32.03,-77.33,29.51
32.03,-77.31,29.54
32.03,-77.29,29.51
32.03,-77.27,29.51
32.03,-77.25,29.48
32.03,-77.23,29.36
32.03,-77.21,29.25
32.03,-77.19,29.24
32.01,-80.73,30.14
32.01,-80.71,30.33
32.01,-80.69,30.52
32.01,-80.67,30.78
32.01,-80.65,30.94
32.01,-80.63,30.84
32.01,-80.61,30.33
32.01,-80.59,30.22
32.01,-80.57,30.14
32.01,-80.55,30.14
32.01,-80.53,30.14
32.01,-80.51,30.12
32.01,-80.49,30.08
32.01,-80.47,30.1
32.01,-80.45,30.2
32.01,-80.43,29.48
32.01,-80.41,29.19
32.01,-80.39,29.13
32.01,-79.31,29.54
32.01,-79.29,29.59
32.01,-79.27,29.68
32.01,-79.25,29.13
32.01,-79.23,29.63
32.01,-79.21,29.65
32.01,-79.19,29.61
32.01,-79.17,29.61
32.01,-78.95,30.05
32.01,-78.93,30.11
32.01,-78.91,30.19
32.01,-78.89,30.17
32.01,-78.87,30.19
32.01,-78.85,30.22
32.01,-78.83,30.24
32.01,-78.81,30.3
32.01,-78.79,30.35
32.01,-78.77,30.37
32.01,-78.75,30.4
32.01,-78.73,30.46
32.01,-78.71,30.44
32.01,-78.69,30.4
32.01,-78.67,30.29
32.01,-78.65,30.18
32.01,-78.63,30.17
32.01,-78.61,30.24
32.01,-78.59,30.32
32.01,-78.57,30.3
32.01,-78.55,30.24
32.01,-78.53,30.15
32.01,-78.51,30.05
32.01,-78.49,30.02
32.01,-78.47,30.12
32.01,-78.45,30.22
32.01,-78.43,30.2
32.01,-78.41,30.15
32.01,-78.39,30.18
32.01,-78.37,30.18
32.01,-78.35,30.2
32.01,-78.33,30.16
32.01,-78.31,30.04
32.01,-78.29,30.03
32.01,-78.27,30.05
32.01,-78.25,30.04
32.01,-78.23,30.02
32.01,-78.21,29.93
32.01,-78.19,29.84
32.01,-78.17,29.77
32.01,-78.15,29.9
32.01,-78.13,29.93
32.01,-78.11,29.88
32.01,-78.09,29.95
32.01,-78.07,29.86
32.01,-78.05,29.62
32.01,-78.03,29.76
32.01,-78.01,29.79
32.01,-77.99,29.81
32.01,-77.97,29.86
32.01,-77.95,29.92
32.01,-77.93,29.93
32.01,-77.91,29.92
32.01,-77.89,29.93
32.01,-77.87,30.0
32.01,-77.81,29.77
32.01,-77.79,29.7
32.01,-77.77,29.89
32.01,-77.75,29.95
32.01,-77.73,30.0
32.01,-77.71,30.01
32.01,-77.59,29.6
32.01,-77.57,29.67
32.01,-77.55,29.69
32.01,-77.53,29.68
32.01,-77.51,29.72
32.01,-77.39,29.6
32.01,-77.37,29.54
32.01,-77.35,29.5
32.01,-77.33,29.52
32.01,-77.31,29.52
32.01,-77.29,29.49
32.01,-77.27,29.53
32.01,-77.25,29.49
32.01,-77.23,29.34
32.01,-77.21,29.29
32.01,-77.19,29.26
31.99,-80.71,30.12
31.99,-80.69,30.19
31.99,-80.67,30.5
31.99,-80.65,30.75
31.99,-80.63,30.54
31.99,-80.61,30.23
31.99,-80.59,30.18
31.99,-80.57,30.1
31.99,-80.55,30.13
31.99,-80.53,30.03
31.99,-80.51,29.99
31.99,-80.49,29.95
31.99,-80.47,30.03
31.99,-80.45,30.04
31.99,-80.43,29.1
31.99,-80.41,28.86
31.99,-79.31,29.51
31.99,-79.25,29.09
31.99,-79.23,29.0
31.99,-78.95,30.19
31.99,-78.93,30.2
31.99,-78.91,30.2
31.99,-78.89,30.2
31.99,-78.87,30.22
31.99,-78.85,30.25
31.99,-78.83,30.27
31.99,-78.81,30.36
31.99,-78.79,30.44
31.99,-78.77,30.45
31.99,-78.75,30.51
31.99,-78.73,30.47
31.99,-78.71,30.4
31.99,-78.69,30.3
31.99,-78.67,30.27
31.99,-78.65,30.3
31.99,-78.63,30.31
31.99,-78.61,30.34
31.99,-78.59,30.28
31.99,-78.57,30.23
31.99,-78.55,30.21
31.99,-78.53,30.08
31.99,-78.51,30.06
31.99,-78.49,30.08
31.99,-78.47,30.19
31.99,-78.45,30.22
31.99,-78.43,30.22
31.99,-78.41,30.19
31.99,-78.39,30.24
31.99,-78.37,30.26
31.99,-78.35,30.19
31.99,-78.33,30.09
31.99,-78.31,30.06
31.99,-78.29,30.12
31.99,-78.27,30.08
31.99,-78.25,30.03
31.99,-78.23,29.92
31.99,-78.21,29.86
31.99,-78.19,29.9
31.99,-78.17,29.93
31.99,-78.15,29.89
31.99,-78.13,29.83
31.99,-78.11,29.79
31.99,-78.09,29.71
31.99,-78.07,29.65
31.99,-78.05,29.53
31.99,-78.03,29.59
31.99,-78.01,29.77
31.99,-77.99,29.79
31.99,-77.97,29.64
31.99,-77.95,29.65
31.99,-77.93,29.92
31.99,-77.91,29.95
31.99,-77.89,29.95
31.99,-77.87,29.94
31.99,-77.85,29.88
31.99,-77.83,29.65
31.99,-77.81,29.72
31.99,-77.79,29.75
31.99,-77.77,29.87
31.99,-77.75,29.94
31.99,-77.73,29.99
31.99,-77.61,29.6
31.99,-77.59,29.67
31.99,-77.57,29.71
31.99,-77.55,29.69
31.99,-77.53,29.56
31.99,-77.43,29.48
31.99,-77.41,29.57
31.99,-77.39,29.62
31.99,-77.37,29.55
31.99,-77.35,29.5
31.99,-77.33,29.58
31.99,-77.31,29.55
31.99,-77.29,29.58
31.99,-77.27,29.59
31.99,-77.25,29.48
31.99,-77.23,29.38
31.99,-77.21,29.35
31.99,-77.19,29.32
31.99,-77.17,29.45
31.97,-80.69,29.79
31.97,-80.67,29.85
31.97,-80.65,30.49
31.97,-80.63,30.4
31.97,-80.61,30.11
31.97,-80.59,30.13
31.97,-80.57,30.09
31.97,-80.55,30.02
31.97,-80.53,29.93
31.97,-80.51,29.85
31.97,-80.49,29.88
31.97,-80.47,29.95
31.97,-80.45,30.06
31.97,-80.43,29.13
31.97,-80.41,28.89
31.97,-79.27,29.76
31.97,-79.25,29.5
31.97,-79.23,29.43
31.97,-78.95,30.29
31.97,-78.93,30.22
31.97,-78.91,30.21
31.97,-78.89,30.23
31.97,-78.87,30.24
31.97,-78.85,30.28
31.97,-78.83,30.38
31.97,-78.81,30.5
31.97,-78.79,30.49
31.97,-78.77,30.49
31.97,-78.75,30.49
31.97,-78.73,30.34
31.97,-78.71,30.3
31.97,-78.69,30.3
31.97,-78.67,30.33
31.97,-78.65,30.34
31.97,-78.63,30.32
31.97,-78.61,30.28
31.97,-78.59,30.24
31.97,-78.57,30.17
31.97,-78.55,30.13
31.97,-78.53,30.09
31.97,-78.51,30.15
31.97,-78.49,30.19
31.97,-78.47,30.25
31.97,-78.45,30.28
31.97,-78.43,30.24
31.97,-78.41,30.23
31.97,-78.39,30.26
31.97,-78.37,30.25
31.97,-78.35,30.13
31.97,-78.33,30.08
31.97,-78.31,30.08
31.97,-78.29,30.09
31.97,-78.27,29.97
31.97,-78.25,29.93
31.97,-78.23,29.96
31.97,-78.21,29.95
31.97,-78.19,29.98
31.97,-78.17,29.91
31.97,-78.15,29.8
31.97,-78.13,29.75
31.97,-78.11,29.7
31.97,-78.09,29.55
31.97,-77.93,29.99
31.97,-77.91,30.03
31.97,-77.89,30.08
31.97,-77.87,29.85
31.97,-77.85,29.84
31.97,-77.83,29.8
31.97,-77.81,29.71
31.97,-77.79,29.73
31.97,-77.77,29.9
31.97,-77.75,29.87
31.97,-77.73,29.55
31.97,-77.69,29.53
31.97,-77.67,29.58
31.97,-77.65,29.56
31.97,-77.63,29.53
31.97,-77.61,29.63
31.97,-77.59,29.63
31.97,-77.57,29.59
31.97,-77.51,29.46
31.97,-77.47,29.51
31.97,-77.45,29.5
31.97,-77.43,29.47
31.97,-77.41,29.49
31.97,-77.39,29.55
31.97,-77.37,29.59
31.97,-77.35,29.66
31.97,-77.33,29.72
31.97,-77.31,29.71
31.97,-77.29,29.64
31.97,-77.27,29.57
31.97,-77.25,29.48
31.97,-77.23,29.47
31.97,-77.21,29.46
31.97,-77.19,29.49
31.97,-77.17,29.55
31.95,-80.67,29.52
31.95,-80.65,29.57
31.95,-80.63,30.03
31.95,-80.61,30.02
31.95,-80.59,30.05
31.95,-80.57,30.1
31.95,-80.55,29.98
31.95,-80.53,29.87
31.95,-80.51,29.84
31.95,-80.49,29.84
31.95,-80.47,29.97
31.95,-80.45,29.93
31.95,-80.43,29.9
31.95,-80.41,29.21
31.95,-79.31,29.93
31.95,-79.29,29.98
31.95,-79.27,30.0
31.95,-79.25,29.99
31.95,-79.23,29.44
31.95,-79.21,30.09
31.95,-79.19,30.13
31.95,-79.17,30.21
31.95,-79.15,30.16
31.95,-78.97,30.28
31.95,-78.95,30.33
31.95,-78.93,30.29
31.95,-78.91,30.24
31.95,-78.89,30.3
31.95,-78.87,30.33
31.95,-78.85,30.38
31.95,-78.83,30.46
31.95,-78.81,30.46
31.95,-78.79,30.49
31.95,-78.77,30.48
31.95,-78.75,30.44
31.95,-78.73,30.42
31.95,-78.71,30.34
31.95,-78.69,30.34
31.95,-78.67,30.33
31.95,-78.65,30.29
31.95,-78.63,30.25
31.95,-78.61,30.24
31.95,-78.59,30.22
31.95,-78.57,30.14
31.95,-78.55,30.15
31.95,-78.53,30.19
31.95,-78.51,30.2
31.95,-78.49,30.22
31.95,-78.47,30.26
31.95,-78.45,30.22
31.95,-78.43,30.14
31.95,-78.41,30.17
31.95,-78.39,30.21
31.95,-78.37,30.19
31.95,-78.35,30.13
31.95,-78.33,30.09
31.95,-78.31,30.08
31.95,-78.29,30.02
31.95,-78.27,29.99
31.95,-78.25,29.98
31.95,-78.23,30.0
31.95,-78.21,29.96
31.95,-78.19,29.92
31.95,-78.17,29.73
31.95,-78.15,29.71
31.95,-78.13,29.72
31.95,-77.95,29.83
31.95,-77.93,29.85
31.95,-77.91,29.89
31.95,-77.89,29.89
31.95,-77.87,29.85
31.95,-77.85,29.85
31.95,-77.83,29.88
31.95,-77.81,29.76
31.95,-77.79,29.69
31.95,-77.77,29.63
31.95,-77.75,29.58
31.95,-77.73,29.59
31.95,-77.71,29.54
31.95,-77.69,29.56
31.95,-77.67,29.66
31.95,-77.65,29.61
31.95,-77.63,29.52
31.95,-77.61,29.54
31.95,-77.59,29.54
31.95,-77.57,29.51
31.95,-77.55,29.52
31.95,-77.53,29.55
31.95,-77.51,29.54
31.95,-77.49,29.6
31.95,-77.47,29.58
31.95,-77.45,29.51
31.95,-77.43,29.48
31.95,-77.41,29.49
31.95,-77.39,29.49
31.95,-77.37,29.58
31.95,-77.35,29.69
31.95,-77.33,29.77
31.95,-77.31,29.7
31.95,-77.29,29.6
31.95,-77.27,29.56
31.95,-77.25,29.57
31.95,-77.23,29.64
31.95,-77.21,29.53
31.95,-77.19,29.49
31.95,-77.17,29.45
31.93,-80.67,29.43
31.93,-80.65,29.42
31.93,-80.63,29.78
31.93,-80.61,29.92
31.93,-80.59,30.03
31.93,-80.57,29.99
31.93,-80.55,29.9
31.93,-80.53,29.92
31.93,-80.51,29.97
31.93,-80.49,29.95
31.93,-80.47,29.96
31.93,-80.45,29.97
31.93,-80.43,29.91
31.93,-80.41,29.45
31.93,-79.69,28.91
31.93,-79.67,29.01
31.93,-79.65,29.24
31.93,-79.63,29.58
31.93,-79.59,29.67
31.93,-79.35,29.86
31.93,-79.33,29.92
31.93,-79.31,29.97
31.93,-79.29,29.99
31.93,-79.27,30.01
31.93,-79.25,30.02
31.93,-79.23,30.07
31.93,-79.21,30.11
31.93,-79.19,30.2
31.93,-79.17,30.2
31.93,-79.15,30.03
31.93,-79.13,30.03
31.93,-79.11,30.02
31.93,-78.97,30.31
31.93,-78.95,30.37
31.93,-78.93,30.34
31.93,-78.91,30.25
31.93,-78.89,30.38
31.93,-78.87,30.4
31.93,-78.85,30.37
31.93,-78.83,30.45
31.93,-78.81,30.42
31.93,-78.79,30.4
31.93,-78.77,30.46
31.93,-78.75,30.5
31.93,-78.73,30.45
31.93,-78.71,30.37
31.93,-78.69,30.36
31.93,-78.67,30.32
31.93,-78.65,30.26
31.93,-78.63,30.21
31.93,-78.61,30.19
31.93,-78.59,30.18
31.93,-78.57,30.17
31.93,-78.55,30.2
31.93,-78.53,30.22
31.93,-78.51,30.26
31.93,-78.49,30.21
31.93,-78.47,30.2
31.93,-78.45,30.14
31.93,-78.43,30.11
31.93,-78.41,30.13
31.93,-78.39,30.15
31.93,-78.37,30.13
31.93,-78.35,30.11
31.93,-78.33,30.12
31.93,-78.31,30.12
31.93,-78.29,30.01
31.93,-78.27,29.94
31.93,-78.25,29.97
31.93,-78.23,29.94
31.93,-78.21,29.81
31.93,-78.19,29.73
31.93,-78.17,29.66
31.93,-78.15,29.69
31.93,-78.03,29.69
31.93,-77.97,29.73
31.93,-77.95,29.72
31.93,-77.93,29.75
31.93,-77.91,29.87
31.93,-77.89,30.02
31.93,-77.87,29.98
31.93,-77.85,29.92
31.93,-77.83,29.78
31.93,-77.81,29.6
31.93,-77.79,29.58
31.93,-77.77,29.58
31.93,-77.75,29.59
31.93,-77.73,29.67
31.93,-77.71,29.59
31.93,-77.69,29.52
31.93,-77.63,29.55
31.93,-77.61,29.58
31.93,-77.59,29.58
31.93,-77.57,29.55
31.93,-77.55,29.53
31.93,-77.53,29.63
31.93,-77.51,29.65
31.93,-77.49,29.63
31.93,-77.47,29.56
31.93,-77.45,29.52
31.93,-77.43,29.52
31.93,-77.41,29.54
31.93,-77.39,29.54
31.93,-77.37,29.55
31.93,-77.35,29.67
31.93,-77.33,29.69
31.93,-77.31,29.64
31.93,-77.29,29.64
31.93,-77.27,29.64
31.93,-77.25,29.65
31.93,-77.23,29.62
31.93,-77.21,29.59
31.93,-77.19,29.55
31.93,-77.17,29.48
31.91,-80.69,29.43
31.91,-80.67,29.42
31.91,-80.65,29.35
31.91,-80.63,29.59
31.91,-80.61,29.7
31.91,-80.59,29.63
31.91,-80.57,29.52
31.91,-80.55,29.68
31.91,-80.53,29.79
31.91,-80.51,29.9
31.91,-80.49,30.0
31.91,-80.47,30.05
31.91,-80.45,30.0
31.91,-80.43,29.96
31.91,-80.41,29.4
31.91,-80.39,29.08
31.91,-79.69,29.03
31.91,-79.67,29.23
31.91,-79.65,29.38
31.91,-79.63,29.57
31.91,-79.61,29.65
31.91,-79.59,29.71
31.91,-79.41,29.85
31.91,-79.39,29.87
31.91,-79.37,29.86
31.91,-79.35,29.89
31.91,-79.33,29.91
31.91,-79.31,29.95
31.91,-79.29,29.95
31.91,-79.27,29.96
31.91,-79.25,30.02
31.91,-79.23,30.06
31.91,-79.21,30.14
31.91,-79.19,30.14
31.91,-79.17,29.92
31.91,-79.15,29.91
31.91,-79.13,30.11
31.91,-79.11,30.38
31.91,-79.09,30.34
31.91,-79.07,30.27
31.91,-79.05,30.16
31.91,-79.03,30.16
31.91,-79.01,30.15
31.91,-78.99,30.22
31.91,-78.97,30.34
31.91,-78.95,30.34
31.91,-78.93,30.34
31.91,-78.91,30.36
31.91,-78.89,30.34
31.91,-78.87,30.33
31.91,-78.85,30.36
31.91,-78.83,30.4
31.91,-78.81,30.42
31.91,-78.79,30.45
31.91,-78.77,30.54
31.91,-78.75,30.5
31.91,-78.73,30.4
31.91,-78.71,30.35
31.91,-78.69,30.29
31.91,-78.67,30.24
31.91,-78.65,30.22
31.91,-78.63,30.22
31.91,-78.61,30.22
31.91,-78.59,30.21
31.91,-78.57,30.22
31.91,-78.55,30.25
31.91,-78.53,30.26
31.91,-78.51,30.26
31.91,-78.49,30.19
31.91,-78.47,30.18
31.91,-78.45,30.17
31.91,-78.43,30.15
31.91,-78.41,30.14
31.91,-78.39,30.09
31.91,-78.37,30.04
31.91,-78.35,30.1
31.91,-78.33,30.16
31.91,-78.31,30.04
31.91,-78.29,29.91
31.91,-78.27,29.9
31.91,-78.25,29.88
31.91,-78.23,29.73
31.91,-78.21,29.71
31.91,-78.19,29.74
31.91,-77.97,29.74
31.91,-77.95,29.76
31.91,-77.93,29.88
31.91,-77.91,30.04
31.91,-77.89,30.02
31.91,-77.87,29.91
31.91,-77.85,29.57
31.91,-77.83,29.52
31.91,-77.81,29.59
31.91,-77.79,29.64
31.91,-77.77,29.65
31.91,-77.75,29.6
31.91,-77.73,29.58
31.91,-77.71,29.51
31.91,-77.69,29.47
31.91,-77.67,29.46
31.91,-77.65,29.53
31.91,-77.63,29.6
31.91,-77.61,29.67
31.91,-77.59,29.67
31.91,-77.57,29.64
31.91,-77.55,29.7
31.91,-77.53,29.68
31.91,-77.51,29.66
31.91,-77.49,29.63
31.91,-77.47,29.61
31.91,-77.45,29.56
31.91,-77.43,29.56
31.91,-77.41,29.57
31.91,-77.39,29.54
31.91,-77.37,29.54
31.91,-77.35,29.61
31.91,-77.33,29.63
31.91,-77.31,29.71
31.91,-77.29,29.74
31.91,-77.27,29.66
31.91,-77.25,29.68
31.91,-77.23,29.58
31.91,-77.21,29.59
31.91,-77.19,29.6
31.91,-77.17,29.52
31.91,-75.53,29.34
31.91,-75.51,29.34
31.91,-75.49,29.4
31.89,-80.69,29.46
31.89,-80.67,29.55
31.89,-80.65,29.73
31.89,-80.63,29.8
31.89,-80.61,29.78
31.89,-80.59,29.74
31.89,-80.57,29.58
31.89,-80.55,29.62
31.89,-80.53,29.75
31.89,-80.51,29.81
31.89,-80.49,29.8
31.89,-80.47,29.76
31.89,-80.45,29.86
31.89,-80.43,29.54
31.89,-80.41,28.99
31.89,-80.39,28.77
31.89,-79.69,29.28
31.89,-79.67,29.31
31.89,-79.65,29.5
31.89,-79.63,29.59
31.89,-79.61,29.67
31.89,-79.59,29.66
31.89,-79.57,29.67
31.89,-79.55,29.86
31.89,-79.53,29.91
31.89,-79.45,29.64
31.89,-79.43,29.67
31.89,-79.41,29.81
31.89,-79.39,29.81
31.89,-79.37,29.79
31.89,-79.35,29.86
31.89,-79.33,29.89
31.89,-79.31,29.94
31.89,-79.29,29.98
31.89,-79.27,29.96
31.89,-79.25,29.98
31.89,-79.23,29.99
31.89,-79.21,29.93
31.89,-79.19,29.82
31.89,-79.17,29.93
31.89,-79.15,30.28
31.89,-79.13,30.36
31.89,-79.11,30.34
31.89,-79.09,30.34
31.89,-79.07,30.26
31.89,-79.05,30.22
31.89,-79.03,30.21
31.89,-79.01,30.24
31.89,-78.99,30.32
31.89,-78.97,30.37
31.89,-78.95,30.36
31.89,-78.93,30.34
31.89,-78.91,30.31
31.89,-78.89,30.3
31.89,-78.87,30.35
31.89,-78.85,30.43
31.89,-78.83,30.48
31.89,-78.81,30.47
31.89,-78.79,30.5
31.89,-78.77,30.48
31.89,-78.75,30.39
31.89,-78.73,30.32
31.89,-78.71,30.27
31.89,-78.69,30.22
31.89,-78.67,30.18
31.89,-78.65,30.26
31.89,-78.63,30.26
31.89,-78.61,30.27
31.89,-78.59,30.3
31.89,-78.57,30.3
31.89,-78.55,30.26
31.89,-78.53,30.23
31.89,-78.51,30.23
31.89,-78.49,30.23
31.89,-78.47,30.2
31.89,-78.45,30.15
31.89,-78.43,30.13
31.89,-78.41,30.1
31.89,-78.39,30.1
31.89,-78.37,30.1
31.89,-78.35,30.12
31.89,-78.33,30.11
31.89,-78.31,29.94
31.89,-78.29,29.85
31.89,-78.27,29.83
31.89,-78.25,29.77
31.89,-78.23,29.76
31.89,-78.21,29.77
31.89,-78.19,29.78
31.89,-78.01,30.01
31.89,-77.97,29.99
31.89,-77.95,29.95
31.89,-77.93,29.97
31.89,-77.91,29.96
31.89,-77.89,29.77
31.89,-77.87,29.65
31.89,-77.85,29.57
31.89,-77.83,29.62
31.89,-77.81,29.68
31.89,-77.79,29.71
31.89,-77.77,29.62
31.89,-77.75,29.54
31.89,-77.73,29.51
31.89,-77.71,29.4
31.89,-77.69,29.34
31.89,-77.67,29.5
31.89,-77.65,29.55
31.89,-77.63,29.56
31.89,-77.61,29.63
31.89,-77.59,29.66
31.89,-77.57,29.7
31.89,-77.55,29.73
31.89,-77.53,29.74
31.89,-77.51,29.75
31.89,-77.49,29.73
31.89,-77.47,29.62
31.89,-77.45,29.6
31.89,-77.43,29.61
31.89,-77.41,29.59
31.89,-77.39,29.56
31.89,-77.37,29.59
31.89,-77.35,29.6
31.89,-77.33,29.66
31.89,-77.31,29.67
31.89,-77.29,29.56
31.89,-77.27,29.47
31.89,-77.25,29.5
31.89,-77.23,29.61
31.89,-77.21,29.61
31.89,-77.19,29.55
31.89,-77.17,29.52
31.89,-77.15,29.46
31.89,-75.53,29.38
31.89,-75.51,29.39
31.89,-75.49,29.44
31.89,-75.47,29.45
31.87,-80.69,29.49
31.87,-80.67,29.61
31.87,-80.65,29.68
31.87,-80.63,29.62
31.87,-80.61,29.51
31.87,-80.59,29.55
31.87,-80.57,29.48
31.87,-80.55,29.56
31.87,-80.53,29.6
31.87,-80.51,29.6
31.87,-80.49,29.58
31.87,-80.47,29.66
31.87,-80.45,29.75
31.87,-80.43,29.65
31.87,-80.41,29.09
31.87,-80.39,28.83
31.87,-79.69,29.35
31.87,-79.67,29.49
31.87,-79.65,29.63
31.87,-79.63,29.66
31.87,-79.61,29.69
31.87,-79.59,29.62
31.87,-79.57,29.68
31.87,-79.55,29.77
31.87,-79.53,29.75
31.87,-79.51,29.72
31.87,-79.49,29.75
31.87,-79.47,29.71
31.87,-79.45,29.7
31.87,-79.43,29.69
31.87,-79.41,29.73
31.87,-79.39,29.76
31.87,-79.37,29.68
31.87,-79.35,29.86
31.87,-79.33,29.92
31.87,-79.31,29.95
31.87,-79.29,29.96
31.87,-79.27,29.96
31.87,-79.25,29.92
31.87,-79.23,29.82
31.87,-79.21,29.82
31.87,-79.19,30.04
31.87,-79.17,30.11
31.87,-79.15,30.25
31.87,-79.13,30.29
31.87,-79.11,30.31
31.87,-79.09,30.3
31.87,-79.07,30.3
31.87,-79.05,30.29
31.87,-79.03,30.29
31.87,-79.01,30.42
31.87,-78.99,30.42
31.87,-78.97,30.42
31.87,-78.95,30.4
31.87,-78.93,30.38
31.87,-78.91,30.34
31.87,-78.89,30.4
31.87,-78.87,30.45
31.87,-78.85,30.49
31.87,-78.83,30.45
31.87,-78.81,30.43
31.87,-78.79,30.45
31.87,-78.77,30.41
31.87,-78.75,30.31
31.87,-78.73,30.23
31.87,-78.71,30.22
31.87,-78.69,30.24
31.87,-78.67,30.26
31.87,-78.65,30.29
31.87,-78.63,30.3
31.87,-78.61,30.31
31.87,-78.59,30.34
31.87,-78.57,30.3
31.87,-78.55,30.24
31.87,-78.53,30.25
31.87,-78.51,30.27
31.87,-78.49,30.32
31.87,-78.47,30.19
31.87,-78.45,30.12
31.87,-78.43,30.06
31.87,-78.41,30.1
31.87,-78.39,30.09
31.87,-78.37,30.05
31.87,-78.35,30.05
31.87,-78.33,30.07
31.87,-78.31,29.83
31.87,-78.29,29.72
31.87,-78.27,29.82
31.87,-78.25,29.82
31.87,-78.23,29.77
31.87,-78.21,29.75
31.87,-78.19,29.81
31.87,-78.07,29.88
31.87,-78.05,29.92
31.87,-78.03,30.0
31.87,-78.01,30.04
31.87,-77.99,29.95
31.87,-77.97,29.91
31.87,-77.95,29.83
31.87,-77.93,29.84
31.87,-77.91,29.78
31.87,-77.89,29.71
31.87,-77.87,29.66
31.87,-77.85,29.6
31.87,-77.83,29.66
31.87,-77.81,29.7
31.87,-77.79,29.64
31.87,-77.77,29.53
31.87,-77.75,29.54
31.87,-77.73,29.5
31.87,-77.71,29.41
31.87,-77.69,29.43
31.87,-77.67,29.51
31.87,-77.65,29.56
31.87,-77.63,29.58
31.87,-77.61,29.61
31.87,-77.59,29.65
31.87,-77.57,29.75
31.87,-77.55,29.74
31.87,-77.53,29.71
31.87,-77.51,29.66
31.87,-77.49,29.68
31.87,-77.47,29.66
31.87,-77.45,29.63
31.87,-77.43,29.61
31.87,-77.41,29.63
31.87,-77.39,29.65
31.87,-77.37,29.67
31.87,-77.35,29.67
31.87,-77.33,29.68
31.87,-77.31,29.62
31.87,-77.29,29.57
31.87,-77.27,29.55
31.87,-77.25,29.51
31.87,-77.23,29.41
31.87,-77.21,29.46
31.87,-77.19,29.46
31.87,-77.17,29.49
31.87,-77.15,29.47
31.87,-75.53,29.41
31.87,-75.51,29.43
31.87,-75.49,29.46
31.87,-75.47,29.47
31.85,-80.69,29.44
31.85,-80.67,29.46
31.85,-80.65,29.58
31.85,-80.63,29.55
31.85,-80.61,29.4
31.85,-80.59,29.39
31.85,-80.57,29.36
31.85,-80.55,29.53
31.85,-80.53,29.58
31.85,-80.51,29.65
31.85,-80.49,29.69
31.85,-80.47,29.71
31.85,-80.45,29.74
31.85,-80.43,29.71
31.85,-80.41,29.43
31.85,-80.39,29.07
31.85,-80.37,28.99
31.85,-79.71,29.09
31.85,-79.69,29.38
31.85,-79.67,29.53
31.85,-79.65,29.66
31.85,-79.63,29.65
31.85,-79.61,29.65
31.85,-79.59,29.69
31.85,-79.57,29.8
31.85,-79.55,29.78
31.85,-79.53,29.78
31.85,-79.51,29.78
31.85,-79.49,29.77
31.85,-79.47,29.73
31.85,-79.45,29.73
31.85,-79.43,29.73
31.85,-79.41,29.72
31.85,-79.39,29.75
31.85,-79.37,29.71
31.85,-79.35,29.82
31.85,-79.33,29.87
31.85,-79.31,29.9
31.85,-79.29,29.95
31.85,-79.27,29.93
31.85,-79.25,29.92
31.85,-79.23,29.92
31.85,-79.21,30.1
31.85,-79.19,30.21
31.85,-79.17,30.23
31.85,-79.15,30.25
31.85,-79.13,30.3
31.85,-79.11,30.34
31.85,-79.09,30.33
31.85,-79.07,30.28
31.85,-79.05,30.32
31.85,-79.03,30.44
31.85,-79.01,30.5
31.85,-78.99,30.49
31.85,-78.97,30.45
31.85,-78.95,30.4
31.85,-78.93,30.37
31.85,-78.91,30.42
31.85,-78.89,30.44
31.85,-78.87,30.44
31.85,-78.85,30.47
31.85,-78.83,30.47
31.85,-78.81,30.44
31.85,-78.79,30.39
31.85,-78.77,30.31
31.85,-78.75,30.23
31.85,-78.73,30.19
31.85,-78.71,30.26
31.85,-78.69,30.26
31.85,-78.67,30.29
31.85,-78.65,30.33
31.85,-78.63,30.39
31.85,-78.61,30.43
31.85,-78.59,30.33
31.85,-78.57,30.28
31.85,-78.55,30.21
31.85,-78.53,30.24
31.85,-78.51,30.29
31.85,-78.49,30.28
31.85,-78.47,30.15
31.85,-78.45,30.06
31.85,-78.43,30.06
31.85,-78.41,30.07
31.85,-78.39,30.06
31.85,-78.37,30.05
31.85,-78.35,30.1
31.85,-78.33,30.04
31.85,-78.31,29.8
31.85,-78.29,29.79
31.85,-78.27,29.85
31.85,-78.15,29.67
31.85,-78.13,29.63
31.85,-78.09,30.0
31.85,-78.07,29.99
31.85,-78.05,29.97
31.85,-77.99,29.84
31.85,-77.97,29.56
31.85,-77.95,29.54
31.85,-77.93,29.56
31.85,-77.91,29.69
31.85,-77.89,29.67
31.85,-77.87,29.63
31.85,-77.85,29.6
31.85,-77.83,29.65
31.85,-77.81,29.71
31.85,-77.79,29.64
31.85,-77.77,29.57
31.85,-77.75,29.59
31.85,-77.73,29.56
31.85,-77.71,29.51
31.85,-77.69,29.51
31.85,-77.67,29.6
31.85,-77.65,29.62
31.85,-77.63,29.71
31.85,-77.61,29.73
31.85,-77.59,29.73
31.85,-77.57,29.7
31.85,-77.55,29.67
31.85,-77.53,29.64
31.85,-77.51,29.65
31.85,-77.49,29.66
31.85,-77.47,29.67
31.85,-77.45,29.63
31.85,-77.43,29.69
31.85,-77.41,29.69
31.85,-77.39,29.63
31.85,-77.37,29.63
31.85,-77.35,29.66
31.85,-77.33,29.69
31.85,-77.31,29.65
31.85,-77.29,29.62
31.85,-77.27,29.52
31.85,-77.25,29.44
31.85,-77.23,29.42
31.85,-77.21,29.43
31.85,-77.19,29.49
31.85,-77.17,29.51
31.85,-77.15,29.4
31.85,-77.13,29.35
31.85,-75.53,29.43
31.85,-75.51,29.43
31.85,-75.49,29.4
31.85,-75.47,29.38
31.83,-80.67,29.45
31.83,-80.61,29.36
31.83,-80.59,29.32
31.83,-80.57,29.55
31.83,-80.55,29.51
31.83,-80.53,29.59
31.83,-80.51,29.69
31.83,-80.49,29.68
31.83,-80.47,29.74
31.83,-80.45,29.79
31.83,-80.43,29.72
31.83,-80.41,29.39
31.83,-80.39,29.21
31.83,-80.37,28.94
31.83,-80.35,28.74
31.83,-79.73,28.63
31.83,-79.71,28.97
31.83,-79.69,29.57
31.83,-79.67,29.65
31.83,-79.65,29.65
31.83,-79.63,29.64
31.83,-79.61,29.71
31.83,-79.59,29.81
31.83,-79.57,29.83
31.83,-79.55,29.81
31.83,-79.53,29.85
31.83,-79.51,29.84
31.83,-79.49,29.79
31.83,-79.47,29.71
31.83,-79.45,29.68
31.83,-79.43,29.75
31.83,-79.41,29.76
31.83,-79.39,29.77
31.83,-79.37,29.79
31.83,-79.35,29.84
31.83,-79.33,29.89
31.83,-79.31,29.89
31.83,-79.29,29.84
31.83,-79.27,29.92
31.83,-79.25,30.22
31.83,-79.23,30.25
31.83,-79.21,30.26
31.83,-79.19,30.25
31.83,-79.17,30.27
31.83,-79.15,30.34
31.83,-79.13,30.39
31.83,-79.11,30.38
31.83,-79.09,30.31
31.83,-79.07,30.33
31.83,-79.05,30.43
31.83,-79.03,30.47
31.83,-79.01,30.52
31.83,-78.99,30.48
31.83,-78.97,30.42
31.83,-78.95,30.4
31.83,-78.93,30.4
31.83,-78.91,30.47
31.83,-78.89,30.47
31.83,-78.87,30.45
31.83,-78.85,30.45
31.83,-78.83,30.46
31.83,-78.81,30.41
31.83,-78.79,30.32
31.83,-78.77,30.26
31.83,-78.75,30.23
31.83,-78.73,30.27
31.83,-78.71,30.3
31.83,-78.69,30.32
31.83,-78.67,30.35
31.83,-78.65,30.39
31.83,-78.63,30.41
31.83,-78.61,30.35
31.83,-78.59,30.33
31.83,-78.57,30.3
31.83,-78.55,30.27
31.83,-78.53,30.27
31.83,-78.51,30.29
31.83,-78.49,30.21
31.83,-78.47,30.05
31.83,-78.45,30.0
31.83,-78.43,30.07
31.83,-78.41,30.09
31.83,-78.39,30.07
31.83,-78.37,30.0
31.83,-78.35,29.96
31.83,-78.33,29.93
31.83,-78.31,29.88
31.83,-78.29,29.91
31.83,-78.27,29.91
31.83,-78.25,29.95
31.83,-78.23,29.95
31.83,-78.21,29.96
31.83,-78.19,29.9
31.83,-78.17,29.85
31.83,-78.15,29.69
31.83,-78.13,29.67
31.83,-78.11,29.74
31.83,-78.09,29.88
31.83,-78.07,29.97
31.83,-78.05,29.7
31.83,-77.99,29.59
31.83,-77.97,29.55
31.83,-77.95,29.56
31.83,-77.93,29.55
31.83,-77.91,29.57
31.83,-77.89,29.58
31.83,-77.87,29.57
31.83,-77.85,29.69
31.83,-77.83,29.76
31.83,-77.81,29.71
31.83,-77.79,29.65
31.83,-77.77,29.61
31.83,-77.75,29.64
31.83,-77.73,29.63
31.83,-77.71,29.63
31.83,-77.69,29.62
31.83,-77.67,29.63
31.83,-77.65,29.68
31.83,-77.63,29.72
31.83,-77.61,29.73
31.83,-77.59,29.82
31.83,-77.57,29.79
31.83,-77.55,29.54
31.83,-77.53,29.58
31.83,-77.51,29.66
31.83,-77.49,29.65
31.83,-77.47,29.63
31.83,-77.45,29.64
31.83,-77.43,29.63
31.83,-77.41,29.64
31.83,-77.39,29.63
31.83,-77.37,29.8
31.83,-77.35,29.76
31.83,-77.33,29.68
31.83,-77.31,29.55
31.83,-77.29,29.48
31.83,-77.27,29.49
31.83,-77.25,29.55
31.83,-77.23,29.53
31.83,-77.21,29.47
31.83,-77.19,29.4
31.83,-77.17,29.33
31.83,-77.15,29.32
31.83,-77.13,29.31
31.83,-77.11,29.32
31.83,-77.09,29.37
31.83,-77.07,29.32
31.83,-75.53,29.48
31.83,-75.51,29.43
31.83,-75.49,29.4
31.83,-75.47,29.4
31.83,-75.45,29.49
31.81,-80.59,29.37
31.81,-80.57,29.37
31.81,-80.55,29.48
31.81,-80.53,29.51
31.81,-80.51,29.52
31.81,-80.49,29.61
31.81,-80.47,29.67
31.81,-80.45,29.71
31.81,-80.43,29.58
31.81,-80.41,29.43
31.81,-80.39,29.17
31.81,-80.37,28.73
31.81,-80.35,28.62
31.81,-79.73,28.58
31.81,-79.71,29.01
31.81,-79.69,29.65
31.81,-79.67,29.78
31.81,-79.65,29.74
31.81,-79.63,29.7
31.81,-79.61,29.81
31.81,-79.59,29.85
31.81,-79.57,29.87
31.81,-79.55,29.9
31.81,-79.53,29.87
31.81,-79.51,29.82
31.81,-79.49,29.79
31.81,-79.47,29.75
31.81,-79.45,29.75
31.81,-79.43,29.79
31.81,-79.41,29.73
31.81,-79.39,29.73
31.81,-79.37,29.82
31.81,-79.35,29.89
31.81,-79.33,29.89
31.81,-79.31,29.83
31.81,-79.29,30.04
31.81,-79.27,30.22
31.81,-79.25,30.3
31.81,-79.23,30.32
31.81,-79.21,30.38
31.81,-79.19,30.36
31.81,-79.17,30.34
31.81,-79.15,30.38
31.81,-79.13,30.43
31.81,-79.11,30.42
31.81,-79.09,30.44
31.81,-79.07,30.48
31.81,-79.05,30.49
31.81,-79.03,30.5
31.81,-79.01,30.47
31.81,-78.99,30.43
31.81,-78.97,30.39
31.81,-78.95,30.4
31.81,-78.93,30.44
31.81,-78.91,30.47
31.81,-78.89,30.49
31.81,-78.87,30.46
31.81,-78.85,30.4
31.81,-78.83,30.38
31.81,-78.81,30.34
31.81,-78.79,30.31
31.81,-78.77,30.26
31.81,-78.75,30.29
31.81,-78.73,30.32
31.81,-78.71,30.34
31.81,-78.69,30.36
31.81,-78.67,30.4
31.81,-78.65,30.38
31.81,-78.63,30.4
31.81,-78.61,30.39
31.81,-78.59,30.35
31.81,-78.57,30.31
31.81,-78.55,30.27
31.81,-78.53,30.24
31.81,-78.51,30.19
31.81,-78.49,30.11
31.81,-78.47,30.01
31.81,-78.45,30.01
31.81,-78.43,30.06
31.81,-78.41,30.03
31.81,-78.39,30.0
31.81,-78.37,29.95
31.81,-78.35,29.94
31.81,-78.33,29.95
31.81,-78.31,29.95
31.81,-78.29,29.96
31.81,-78.27,29.92
31.81,-78.25,29.91
31.81,-78.23,29.92
31.81,-78.21,29.94
31.81,-78.19,29.93
31.81,-78.13,29.76
31.81,-78.11,29.8
31.81,-78.09,29.73
31.81,-78.07,29.77
31.81,-78.05,29.68
31.81,-78.03,29.52
31.81,-78.01,29.53
31.81,-77.99,29.6
31.81,-77.97,29.6
31.81,-77.95,29.54
31.81,-77.93,29.55
31.81,-77.91,29.51
31.81,-77.89,29.58
31.81,-77.87,29.67
31.81,-77.85,29.81
31.81,-77.83,29.73
31.81,-77.81,29.66
31.81,-77.79,29.7
31.81,-77.77,29.74
31.81,-77.75,29.72
31.81,-77.73,29.69
31.81,-77.71,29.63
31.81,-77.69,29.63
31.81,-77.67,29.68
31.81,-77.65,29.72
31.81,-77.63,29.73
31.81,-77.61,29.72
31.81,-77.59,29.73
31.81,-77.57,29.79
31.81,-77.55,29.7
31.81,-77.53,29.65
31.81,-77.51,29.7
31.81,-77.49,29.67
31.81,-77.47,29.62
31.81,-77.45,29.55
31.81,-77.43,29.59
31.81,-77.41,29.72
31.81,-77.39,29.76
31.81,-77.37,29.82
31.81,-77.35,29.6
31.81,-77.33,29.57
31.81,-77.31,29.5
31.81,-77.29,29.52
31.81,-77.27,29.48
31.81,-77.25,29.4
31.81,-77.23,29.34
31.81,-77.21,29.35
31.81,-77.19,29.38
31.81,-77.17,29.35
31.81,-77.15,29.33
31.81,-77.13,29.34
31.81,-77.11,29.37
31.81,-77.09,29.37
31.81,-77.07,29.26
31.81,-75.51,29.4
31.81,-75.49,29.41
31.81,-75.47,29.42
31.81,-75.45,29.5
31.81,-75.43,29.5
31.79,-80.47,29.49
31.79,-80.45,29.58
31.79,-80.43,29.52
31.79,-80.41,29.43
31.79,-80.39,28.84
31.79,-80.37,28.73
31.79,-79.73,28.6
31.79,-79.71,29.36
31.79,-79.69,29.7
31.79,-79.67,29.82
31.79,-79.65,29.81
31.79,-79.63,29.81
31.79,-79.61,29.87
31.79,-79.59,29.89
31.79,-79.57,29.89
31.79,-79.55,29.9
31.79,-79.53,29.85
31.79,-79.51,29.76
31.79,-79.49,29.8
31.79,-79.47,29.84
31.79,-79.45,29.85
31.79,-79.43,29.84
31.79,-79.41,29.76
31.79,-79.39,29.84
31.79,-79.37,29.89
31.79,-79.35,29.91
31.79,-79.33,29.95
31.79,-79.31,30.05
31.79,-79.29,30.13
31.79,-79.27,30.34
31.79,-79.25,30.39
31.79,-79.23,30.39
31.79,-79.21,30.4
31.79,-79.19,30.35
31.79,-79.17,30.39
31.79,-79.15,30.45
31.79,-79.13,30.46
31.79,-79.11,30.48
31.79,-79.09,30.47
31.79,-79.07,30.49
31.79,-79.05,30.51
31.79,-79.03,30.44
31.79,-79.01,30.44
31.79,-78.99,30.44
31.79,-78.97,30.38
31.79,-78.95,30.42
31.79,-78.93,30.48
31.79,-78.91,30.53
31.79,-78.89,30.49
31.79,-78.87,30.41
31.79,-78.85,30.35
31.79,-78.83,30.34
31.79,-78.81,30.32
31.79,-78.79,30.32
31.79,-78.77,30.3
31.79,-78.75,30.34
31.79,-78.73,30.38
31.79,-78.71,30.41
31.79,-78.69,30.39
31.79,-78.67,30.36
31.79,-78.65,30.34
31.79,-78.63,30.37
31.79,-78.61,30.4
31.79,-78.59,30.36
31.79,-78.57,30.3
31.79,-78.55,30.21
31.79,-78.53,30.16
31.79,-78.51,30.14
31.79,-78.49,30.09
31.79,-78.47,30.02
31.79,-78.45,30.01
31.79,-78.43,29.96
31.79,-78.41,29.98
31.79,-78.39,30.02
31.79,-78.37,29.99
31.79,-78.35,29.98
31.79,-78.33,29.98
31.79,-78.31,29.98
31.79,-78.29,29.97
31.79,-78.27,29.94
31.79,-78.25,29.94
31.79,-78.23,29.89
31.79,-78.21,29.81
31.79,-78.19,29.77
31.79,-78.13,29.82
31.79,-78.11,29.83
31.79,-78.09,29.87
31.79,-78.07,29.81
31.79,-78.05,29.68
31.79,-78.03,29.57
31.79,-78.01,29.52
31.79,-77.99,29.47
31.79,-77.95,29.44
31.79,-77.93,29.49
31.79,-77.91,29.57
31.79,-77.89,29.75
31.79,-77.87,29.67
31.79,-77.85,29.68
31.79,-77.83,29.67
31.79,-77.81,29.76
31.79,-77.79,29.76
31.79,-77.77,29.73
31.79,-77.75,29.69
31.79,-77.73,29.62
31.79,-77.71,29.67
31.79,-77.69,29.71
31.79,-77.67,29.71
31.79,-77.65,29.73
31.79,-77.63,29.77
31.79,-77.61,29.72
31.79,-77.59,29.6
31.79,-77.57,29.71
31.79,-77.55,29.74
31.79,-77.53,29.67
31.79,-77.51,29.66
31.79,-77.49,29.73
31.79,-77.47,29.67
31.79,-77.45,29.51
31.79,-77.43,29.58
31.79,-77.41,29.69
31.79,-77.39,29.63
31.79,-77.37,29.65
31.79,-77.35,29.46
31.79,-77.33,29.41
31.79,-77.31,29.42
31.79,-77.29,29.41
31.79,-77.27,29.41
31.79,-77.25,29.37
31.79,-77.23,29.39
31.79,-77.21,29.43
31.79,-77.19,29.42
31.79,-77.17,29.38
31.79,-77.15,29.35
31.79,-77.13,29.32
31.79,-77.11,29.31
31.79,-77.09,29.21
31.79,-77.07,29.15
31.79,-76.19,29.96
31.79,-75.53,29.39
31.79,-75.51,29.43
31.79,-75.49,29.44
31.79,-75.47,29.39
31.79,-75.45,29.42
31.79,-75.43,29.42
31.79,-75.41,29.38
31.77,-80.39,29.32
31.77,-80.37,29.39
31.77,-79.79,28.49
31.77,-79.77,28.48
31.77,-79.75,28.48
31.77,-79.73,29.04
31.77,-79.71,29.6
31.77,-79.69,29.78
31.77,-79.67,29.88
31.77,-79.65,29.87
31.77,-79.63,29.86
31.77,-79.61,29.89
31.77,-79.59,29.88
31.77,-79.57,29.9
31.77,-79.55,29.9
31.77,-79.53,29.83
31.77,-79.51,29.79
31.77,-79.49,29.83
31.77,-79.47,29.83
31.77,-79.45,29.82
31.77,-79.43,29.81
31.77,-79.41,29.84
31.77,-79.39,29.91
31.77,-79.37,29.97
31.77,-79.35,30.11
31.77,-79.33,30.21
31.77,-79.31,30.25
31.77,-79.29,30.34
31.77,-79.27,30.35
31.77,-79.25,30.4
31.77,-79.23,30.39
31.77,-79.21,30.4
31.77,-79.19,30.44
31.77,-79.17,30.46
31.77,-79.15,30.44
31.77,-79.13,30.45
31.77,-79.11,30.5
31.77,-79.09,30.5
31.77,-79.07,30.52
31.77,-79.05,30.45
31.77,-79.03,30.43
31.77,-79.01,30.44
31.77,-78.99,30.42
31.77,-78.97,30.41
31.77,-78.95,30.49
31.77,-78.93,30.52
31.77,-78.91,30.46
31.77,-78.89,30.38
31.77,-78.87,30.37
31.77,-78.85,30.35
31.77,-78.83,30.34
31.77,-78.81,30.37
31.77,-78.79,30.38
31.77,-78.77,30.39
31.77,-78.75,30.46
31.77,-78.73,30.43
31.77,-78.71,30.37
31.77,-78.69,30.32
31.77,-78.67,30.32
31.77,-78.65,30.31
31.77,-78.63,30.39
31.77,-78.61,30.45
31.77,-78.59,30.39
31.77,-78.57,30.29
31.77,-78.55,30.21
31.77,-78.53,30.18
31.77,-78.51,30.08
31.77,-78.49,30.06
31.77,-78.47,30.06
31.77,-78.45,29.99
31.77,-78.43,29.96
31.77,-78.41,29.99
31.77,-78.39,30.01
31.77,-78.37,30.0
31.77,-78.35,30.0
31.77,-78.33,30.02
31.77,-78.31,30.02
31.77,-78.29,29.99
31.77,-78.27,29.95
31.77,-78.25,29.91
31.77,-78.23,29.74
31.77,-78.21,29.88
31.77,-78.19,29.87
31.77,-78.15,29.85
31.77,-78.13,29.82
31.77,-78.11,29.86
31.77,-78.09,29.95
31.77,-78.07,29.66
31.77,-78.05,29.6
31.77,-78.03,29.61
31.77,-78.01,29.57
31.77,-77.97,29.57
31.77,-77.95,29.57
31.77,-77.93,29.56
31.77,-77.91,29.66
31.77,-77.89,29.69
31.77,-77.87,29.69
31.77,-77.85,29.73
31.77,-77.83,29.72
31.77,-77.81,29.74
31.77,-77.79,29.75
31.77,-77.77,29.75
31.77,-77.75,29.72
31.77,-77.73,29.7
31.77,-77.71,29.75
31.77,-77.69,29.72
31.77,-77.67,29.75
31.77,-77.65,29.78
31.77,-77.63,29.77
31.77,-77.61,29.8
31.77,-77.59,29.73
31.77,-77.57,29.73
31.77,-77.55,29.73
31.77,-77.53,29.64
31.77,-77.51,29.62
31.77,-77.49,29.66
31.77,-77.47,29.63
31.77,-77.45,29.69
31.77,-77.43,29.71
31.77,-77.41,29.67
31.77,-77.39,29.62
31.77,-77.37,29.45
31.77,-77.35,29.42
31.77,-77.33,29.4
31.77,-77.31,29.41
31.77,-77.29,29.43
31.77,-77.27,29.45
31.77,-77.25,29.44
31.77,-77.23,29.45
31.77,-77.21,29.41
31.77,-77.19,29.36
31.77,-77.17,29.33
31.77,-77.15,29.27
31.77,-77.13,29.24
31.77,-77.11,29.25
31.77,-77.09,29.21
31.77,-77.07,29.19
31.77,-77.05,29.18
31.77,-75.53,29.41
31.77,-75.51,29.44
31.77,-75.49,29.43
31.77,-75.47,29.37
31.77,-75.45,29.39
31.77,-75.43,29.48
31.77,-75.41,29.4
31.77,-75.39,29.38
31.75,-80.39,29.27
31.75,-80.37,29.39
31.75,-79.79,28.57
31.75,-79.77,28.57
31.75,-79.75,28.81
31.75,-79.73,29.39
31.75,-79.71,29.61
31.75,-79.69,29.81
31.75,-79.67,29.84
31.75,-79.65,29.84
31.75,-79.63,29.85
31.75,-79.61,29.88
31.75,-79.59,29.86
31.75,-79.57,29.9
31.75,-79.55,29.84
31.75,-79.53,29.8
31.75,-79.51,29.78
31.75,-79.49,29.75
31.75,-79.47,29.77
31.75,-79.45,29.83
31.75,-79.43,29.87
31.75,-79.41,29.9
31.75,-79.39,30.17
31.75,-79.37,30.24
31.75,-79.35,30.2
31.75,-79.33,30.29
31.75,-79.31,30.36
31.75,-79.29,30.37
31.75,-79.27,30.45
31.75,-79.25,30.47
31.75,-79.23,30.47
31.75,-79.21,30.48
31.75,-79.19,30.47
31.75,-79.17,30.44
31.75,-79.15,30.43
31.75,-79.13,30.48
31.75,-79.11,30.54
31.75,-79.09,30.52
31.75,-79.07,30.45
31.75,-79.05,30.39
31.75,-79.03,30.38
31.75,-79.01,30.37
31.75,-78.99,30.42
31.75,-78.97,30.47
31.75,-78.95,30.52
31.75,-78.93,30.44
31.75,-78.91,30.37
31.75,-78.89,30.34
31.75,-78.87,30.36
31.75,-78.85,30.41
31.75,-78.83,30.42
31.75,-78.81,30.43
31.75,-78.79,30.41
31.75,-78.77,30.4
31.75,-78.75,30.38
31.75,-78.73,30.37
31.75,-78.71,30.34
31.75,-78.69,30.28
31.75,-78.67,30.25
31.75,-78.65,30.32
31.75,-78.63,30.36
31.75,-78.61,30.38
31.75,-78.59,30.36
31.75,-78.57,30.29
31.75,-78.55,30.2
31.75,-78.53,30.14
31.75,-78.51,30.07
31.75,-78.49,30.04
31.75,-78.47,30.03
31.75,-78.45,29.87
31.75,-78.43,29.93
31.75,-78.41,30.06
31.75,-78.39,30.08
31.75,-78.37,29.97
31.75,-78.35,29.98
31.75,-78.33,30.02
31.75,-78.31,30.02
31.75,-78.29,29.97
31.75,-78.27,29.92
31.75,-78.25,29.8
31.75,-78.23,29.9
31.75,-78.21,29.88
31.75,-78.19,29.9
31.75,-78.17,29.95
31.75,-78.15,29.89
31.75,-78.13,29.82
31.75,-78.11,29.85
31.75,-78.09,29.75
31.75,-78.07,29.62
31.75,-78.05,29.51
31.75,-78.03,29.58
31.75,-78.01,29.71
31.75,-77.99,29.65
31.75,-77.97,29.6
31.75,-77.95,29.64
31.75,-77.93,29.64
31.75,-77.91,29.62
31.75,-77.89,29.65
31.75,-77.87,29.69
31.75,-77.85,29.69
31.75,-77.83,29.7
31.75,-77.81,29.77
31.75,-77.79,29.83
31.75,-77.77,29.78
31.75,-77.75,29.78
31.75,-77.73,29.78
31.75,-77.71,29.76
31.75,-77.69,29.77
31.75,-77.67,29.76
31.75,-77.65,29.82
31.75,-77.63,29.84
31.75,-77.61,29.89
31.75,-77.59,29.81
31.75,-77.57,29.73
31.75,-77.55,29.68
31.75,-77.53,29.65
31.75,-77.51,29.66
31.75,-77.49,29.67
31.75,-77.47,29.73
31.75,-77.45,29.71
31.75,-77.43,29.65
31.75,-77.41,29.5
31.75,-77.39,29.4
31.75,-77.37,29.47
31.75,-77.35,29.49
31.75,-77.33,29.48
31.75,-77.31,29.48
31.75,-77.29,29.48
31.75,-77.27,29.46
31.75,-77.25,29.48
31.75,-77.23,29.45
31.75,-77.21,29.38
31.75,-77.19,29.3
31.75,-77.17,29.31
31.75,-77.15,29.38
31.75,-77.13,29.37
31.75,-77.11,29.31
31.75,-77.09,29.25
31.75,-77.07,29.23
31.75,-77.05,29.18
31.75,-77.03,29.12
31.75,-77.01,29.09
31.75,-76.99,29.07
31.75,-76.97,29.09
31.75,-76.95,29.05
31.75,-75.51,29.33
31.75,-75.49,29.34
31.75,-75.47,29.4
31.75,-75.45,29.51
31.75,-75.43,29.46
31.75,-75.41,29.37
31.75,-75.39,29.37
31.75,-75.37,29.34
31.73,-80.43,29.43
31.73,-80.41,28.97
31.73,-80.39,28.99
31.73,-80.37,29.4
31.73,-80.35,29.34
31.73,-80.33,28.95
31.73,-80.31,28.9
31.73,-79.81,29.33
31.73,-79.79,29.3
31.73,-79.77,29.46
31.73,-79.75,29.35
31.73,-79.73,29.58
31.73,-79.71,29.75
31.73,-79.69,29.79
31.73,-79.67,29.82
31.73,-79.65,29.81
31.73,-79.63,29.82
31.73,-79.61,29.83
31.73,-79.59,29.85
31.73,-79.57,29.86
31.73,-79.55,29.78
31.73,-79.53,29.75
31.73,-79.51,29.72
31.73,-79.49,29.75
31.73,-79.47,29.79
31.73,-79.45,29.86
31.73,-79.43,29.92
31.73,-79.41,30.21
31.73,-79.39,30.26
31.73,-79.37,30.32
31.73,-79.35,30.3
31.73,-79.33,30.38
31.73,-79.31,30.4
31.73,-79.29,30.46
31.73,-79.27,30.52
31.73,-79.25,30.55
31.73,-79.23,30.51
31.73,-79.21,30.49
31.73,-79.19,30.49
31.73,-79.17,30.49
31.73,-79.15,30.51
31.73,-79.13,30.53
31.73,-79.11,30.5
31.73,-79.09,30.41
31.73,-79.07,30.36
31.73,-79.05,30.36
31.73,-79.03,30.4
31.73,-79.01,30.37
31.73,-78.99,30.44
31.73,-78.97,30.45
31.73,-78.95,30.41
31.73,-78.93,30.38
31.73,-78.91,30.33
31.73,-78.89,30.32
31.73,-78.87,30.41
31.73,-78.85,30.5
31.73,-78.83,30.44
31.73,-78.81,30.38
31.73,-78.79,30.36
31.73,-78.77,30.35
31.73,-78.75,30.33
31.73,-78.73,30.31
31.73,-78.71,30.29
31.73,-78.69,30.25
31.73,-78.67,30.28
31.73,-78.65,30.32
31.73,-78.63,30.29
31.73,-78.61,30.38
31.73,-78.59,30.34
31.73,-78.57,30.21
31.73,-78.55,30.16
31.73,-78.53,30.14
31.73,-78.51,30.17
31.73,-78.49,30.13
31.73,-78.47,30.06
31.73,-78.45,29.97
31.73,-78.43,29.97
31.73,-78.41,30.0
31.73,-78.39,29.97
31.73,-78.37,29.94
31.73,-78.35,29.99
31.73,-78.33,30.02
31.73,-78.31,29.94
31.73,-78.29,29.93
31.73,-78.27,29.92
31.73,-78.25,29.97
31.73,-78.23,29.98
31.73,-78.21,29.95
31.73,-78.19,29.97
31.73,-78.17,29.94
31.73,-78.15,29.9
31.73,-78.13,29.85
31.73,-78.11,29.77
31.73,-78.09,29.61
31.73,-78.07,29.61
31.73,-78.05,29.63
31.73,-78.03,29.72
31.73,-78.01,29.75
31.73,-77.99,29.72
31.73,-77.97,29.72
31.73,-77.95,29.66
31.73,-77.93,29.6
31.73,-77.91,29.59
31.73,-77.89,29.62
31.73,-77.87,29.68
31.73,-77.85,29.73
31.73,-77.83,29.78
31.73,-77.81,29.78
31.73,-77.79,29.79
31.73,-77.77,29.8
31.73,-77.75,29.76
31.73,-77.73,29.76
31.73,-77.71,29.81
31.73,-77.69,29.84
31.73,-77.67,29.82
31.73,-77.65,29.85
31.73,-77.63,29.82
31.73,-77.61,29.8
31.73,-77.59,29.74
31.73,-77.57,29.67
31.73,-77.55,29.69
31.73,-77.53,29.69
31.73,-77.51,29.7
31.73,-77.49,29.7
31.73,-77.47,29.7
31.73,-77.45,29.67
31.73,-77.43,29.59
31.73,-77.41,29.46
31.73,-77.39,29.44
31.73,-77.37,29.51
31.73,-77.35,29.5
31.73,-77.33,29.54
31.73,-77.31,29.52
31.73,-77.29,29.51
31.73,-77.27,29.51
31.73,-77.25,29.5
31.73,-77.23,29.45
31.73,-77.21,29.4
31.73,-77.19,29.33
31.73,-77.17,29.38
31.73,-77.15,29.43
31.73,-77.13,29.41
31.73,-77.11,29.2
31.73,-77.09,29.1
31.73,-77.07,29.12
31.73,-77.05,29.13
31.73,-77.03,29.16
31.73,-77.01,29.14
31.73,-76.99,29.09
31.73,-76.97,29.05
31.73,-76.95,29.01
31.73,-76.93,29.0
31.73,-76.91,29.02
31.73,-76.89,29.09
31.73,-76.87,29.09
31.73,-76.85,29.12
31.73,-76.83,29.14
31.73,-76.81,29.07
31.73,-76.79,29.11
31.73,-76.71,29.57
31.73,-76.69,29.61
31.73,-76.67,29.65
31.73,-76.37,29.96
31.73,-76.27,30.23
31.73,-76.25,30.24
31.73,-76.23,30.06
31.73,-75.97,29.67
31.73,-75.51,29.32
31.73,-75.49,29.34
31.73,-75.47,29.49
31.73,-75.45,29.49
31.73,-75.43,29.43
31.73,-75.41,29.38
31.73,-75.39,29.36
31.71,-80.47,28.87
31.71,-80.45,29.11
31.71,-80.43,29.38
31.71,-80.41,29.36
31.71,-80.39,29.3
31.71,-80.37,29.28
31.71,-80.35,29.35
31.71,-80.33,29.35
31.71,-80.31,28.94
31.71,-79.83,29.13
31.71,-79.81,29.32
31.71,-79.79,29.52
31.71,-79.77,29.59
31.71,-79.75,29.69
31.71,-79.73,29.71
31.71,-79.71,29.77
31.71,-79.69,29.81
31.71,-79.67,29.79
31.71,-79.65,29.78
31.71,-79.63,29.84
31.71,-79.61,29.79
31.71,-79.59,29.8
31.71,-79.57,29.71
31.71,-79.55,29.72
31.71,-79.53,29.73
31.71,-79.51,29.73
31.71,-79.49,29.71
31.71,-79.47,29.91
31.71,-79.45,30.16
31.71,-79.43,30.26
31.71,-79.41,30.4
31.71,-79.39,30.31
31.71,-79.37,30.38
31.71,-79.35,30.42
31.71,-79.33,30.46
31.71,-79.31,30.54
31.71,-79.29,30.6
31.71,-79.27,30.55
31.71,-79.25,30.53
31.71,-79.23,30.49
31.71,-79.21,30.53
31.71,-79.19,30.52
31.71,-79.17,30.5
31.71,-79.15,30.49
31.71,-79.13,30.43
31.71,-79.11,30.4
31.71,-79.09,30.35
31.71,-79.07,30.4
31.71,-79.05,30.38
31.71,-79.03,30.39
31.71,-79.01,30.42
31.71,-78.99,30.41
31.71,-78.97,30.38
31.71,-78.95,30.32
31.71,-78.93,30.28
31.71,-78.91,30.29
31.71,-78.89,30.36
31.71,-78.87,30.49
31.71,-78.85,30.51
31.71,-78.83,30.37
31.71,-78.81,30.31
31.71,-78.79,30.28
31.71,-78.77,30.25
31.71,-78.75,30.23
31.71,-78.73,30.22
31.71,-78.71,30.26
31.71,-78.69,30.29
31.71,-78.67,30.29
31.71,-78.65,30.29
31.71,-78.63,30.27
31.71,-78.61,30.31
31.71,-78.59,30.26
31.71,-78.57,30.22
31.71,-78.55,30.21
31.71,-78.53,30.17
31.71,-78.51,30.14
31.71,-78.49,30.14
31.71,-78.47,30.07
31.71,-78.45,29.95
31.71,-78.43,29.95
31.71,-78.41,29.97
31.71,-78.39,29.97
31.71,-78.37,30.01
31.71,-78.35,30.01
31.71,-78.33,29.97
31.71,-78.31,29.97
31.71,-78.29,30.0
31.71,-78.27,30.06
31.71,-78.25,30.01
31.71,-78.23,29.98
31.71,-78.21,29.93
31.71,-78.19,29.98
31.71,-78.17,29.92
31.71,-78.15,29.87
31.71,-78.13,29.67
31.71,-78.11,29.65
31.71,-78.09,29.68
31.71,-78.07,29.77
31.71,-78.05,29.82
31.71,-78.03,29.79
31.71,-78.01,29.8
31.71,-77.99,29.72
31.71,-77.97,29.64
31.71,-77.95,29.6
31.71,-77.93,29.61
31.71,-77.91,29.6
31.71,-77.89,29.67
31.71,-77.87,29.7
31.71,-77.85,29.73
31.71,-77.83,29.76
31.71,-77.81,29.76
31.71,-77.79,29.72
31.71,-77.77,29.74
31.71,-77.75,29.78
31.71,-77.73,29.8
31.71,-77.71,29.83
31.71,-77.69,29.86
31.71,-77.67,29.85
31.71,-77.65,29.85
31.71,-77.63,29.88
31.71,-77.61,29.78
31.71,-77.59,29.7
31.71,-77.57,29.72
31.71,-77.55,29.78
31.71,-77.53,29.73
31.71,-77.51,29.71
31.71,-77.49,29.71
31.71,-77.47,29.72
31.71,-77.45,29.68
31.71,-77.43,29.57
31.71,-77.41,29.53
31.71,-77.39,29.54
31.71,-77.37,29.55
31.71,-77.35,29.58
31.71,-77.33,29.64
31.71,-77.31,29.64
31.71,-77.29,29.59
31.71,-77.27,29.57
31.71,-77.25,29.55
31.71,-77.23,29.47
31.71,-77.21,29.39
31.71,-77.19,29.35
31.71,-77.17,29.43
31.71,-77.15,29.43
31.71,-77.13,29.26
31.71,-77.11,29.11
31.71,-77.09,29.13
31.71,-77.07,29.19
31.71,-77.05,29.19
31.71,-77.03,29.22
31.71,-77.01,29.16
31.71,-76.99,29.05
31.71,-76.97,29.02
31.71,-76.95,28.98
31.71,-76.93,29.12
31.71,-76.91,29.17
31.71,-76.89,29.09
31.71,-76.85,29.15
31.71,-76.83,29.17
31.71,-76.81,29.07
31.71,-76.79,29.16
31.71,-76.77,29.21
31.71,-76.75,29.43
31.71,-76.73,29.53
31.71,-76.71,29.58
31.71,-76.37,29.99
31.71,-76.35,29.99
31.71,-76.33,29.94
31.71,-76.29,29.98
31.71,-76.27,30.03
31.71,-76.25,30.04
31.71,-76.23,29.96
31.71,-76.21,30.06
31.71,-76.19,30.02
31.71,-75.97,29.68
31.71,-75.89,29.6
31.71,-75.87,29.61
31.71,-75.65,29.39
31.71,-75.63,29.38
31.71,-75.61,29.38
31.71,-75.53,29.37
31.71,-75.51,29.39
31.71,-75.49,29.39
31.71,-75.47,29.44
31.71,-75.45,29.46
31.71,-75.43,29.49
31.71,-75.41,29.52
31.69,-80.47,28.7
31.69,-80.45,28.73
31.69,-80.43,29.0
31.69,-80.41,29.09
31.69,-80.39,29.35
31.69,-80.37,29.45
31.69,-80.35,29.49
31.69,-80.33,29.57
31.69,-80.31,29.41
31.69,-80.29,29.16
31.69,-79.85,29.19
31.69,-79.83,29.23
31.69,-79.81,29.14
31.69,-79.79,29.36
31.69,-79.77,29.66
31.69,-79.75,29.74
31.69,-79.73,29.75
31.69,-79.71,29.79
31.69,-79.69,29.84
31.69,-79.67,29.75
31.69,-79.65,29.75
31.69,-79.63,29.79
31.69,-79.61,29.82
31.69,-79.59,29.7
31.69,-79.57,29.67
31.69,-79.55,29.71
31.69,-79.53,29.8
31.69,-79.51,29.77
31.69,-79.49,29.72
31.69,-79.47,30.21
31.69,-79.45,30.29
31.69,-79.43,30.39
31.69,-79.41,30.43
31.69,-79.39,30.43
31.69,-79.37,30.45
31.69,-79.35,30.49
31.69,-79.33,30.54
31.69,-79.31,30.58
31.69,-79.29,30.57
31.69,-79.27,30.57
31.69,-79.25,30.54
31.69,-79.23,30.51
31.69,-79.21,30.52
31.69,-79.19,30.5
31.69,-79.17,30.46
31.69,-79.15,30.42
31.69,-79.13,30.37
31.69,-79.11,30.37
31.69,-79.09,30.41
31.69,-79.07,30.41
31.69,-79.05,30.36
31.69,-79.03,30.39
31.69,-79.01,30.44
31.69,-78.99,30.37
31.69,-78.97,30.28
31.69,-78.95,30.21
31.69,-78.93,30.29
31.69,-78.91,30.4
31.69,-78.89,30.45
31.69,-78.87,30.44
31.69,-78.85,30.33
31.69,-78.83,30.27
31.69,-78.81,30.19
31.69,-78.79,30.16
31.69,-78.77,30.13
31.69,-78.75,30.18
31.69,-78.73,30.27
31.69,-78.71,30.33
31.69,-78.69,30.33
31.69,-78.67,30.25
31.69,-78.65,30.19
31.69,-78.63,30.22
31.69,-78.61,30.3
31.69,-78.59,30.25
31.69,-78.57,30.2
31.69,-78.55,30.17
31.69,-78.53,30.16
31.69,-78.51,30.14
31.69,-78.49,30.13
31.69,-78.47,30.03
31.69,-78.45,29.99
31.69,-78.43,29.98
31.69,-78.41,29.99
31.69,-78.39,30.0
31.69,-78.37,30.05
31.69,-78.35,30.04
31.69,-78.33,30.02
31.69,-78.31,30.03
31.69,-78.29,30.07
31.69,-78.27,30.05
31.69,-78.25,30.0
31.69,-78.23,30.02
31.69,-78.21,30.01
31.69,-78.19,29.92
31.69,-78.17,29.83
31.69,-78.15,29.64
31.69,-78.13,29.63
31.69,-78.11,29.78
31.69,-78.09,29.8
31.69,-78.07,29.85
31.69,-78.05,29.86
31.69,-78.03,29.85
31.69,-78.01,29.78
31.69,-77.99,29.66
31.69,-77.97,29.65
31.69,-77.95,29.68
31.69,-77.93,29.67
31.69,-77.91,29.67
31.69,-77.89,29.72
31.69,-77.87,29.7
31.69,-77.85,29.72
31.69,-77.83,29.75
31.69,-77.81,29.74
31.69,-77.79,29.69
31.69,-77.77,29.79
31.69,-77.75,29.78
31.69,-77.73,29.83
31.69,-77.71,29.9
31.69,-77.69,29.91
31.69,-77.67,29.91
31.69,-77.65,29.87
31.69,-77.63,29.74
31.69,-77.61,29.76
31.69,-77.59,29.72
31.69,-77.57,29.78
31.69,-77.55,29.82
31.69,-77.53,29.75
31.69,-77.51,29.75
31.69,-77.49,29.76
31.69,-77.47,29.73
31.69,-77.45,29.6
31.69,-77.43,29.54
31.69,-77.41,29.58
31.69,-77.39,29.59
31.69,-77.37,29.59
31.69,-77.35,29.66
31.69,-77.33,29.66
31.69,-77.31,29.65
31.69,-77.29,29.65
31.69,-77.27,29.62
31.69,-77.25,29.56
31.69,-77.23,29.47
31.69,-77.21,29.43
31.69,-77.19,29.42
31.69,-77.17,29.4
31.69,-77.15,29.3
31.69,-77.13,29.18
31.69,-77.11,29.18
31.69,-77.09,29.23
31.69,-77.07,29.34
31.69,-77.05,29.34
31.69,-77.03,29.19
31.69,-77.01,29.07
31.69,-76.99,29.08
31.69,-76.97,29.08
31.69,-76.95,29.12
31.69,-76.93,29.13
31.69,-76.91,29.11
31.69,-76.89,29.02
31.69,-76.87,29.07
31.69,-76.85,29.14
31.69,-76.83,29.05
31.69,-76.81,29.06
31.69,-76.79,29.14
31.69,-76.77,29.19
31.69,-76.75,29.48
31.69,-76.73,29.48
31.69,-76.71,29.43
31.69,-76.37,29.98
31.69,-76.35,29.97
31.69,-76.33,29.93
31.69,-76.31,29.95
31.69,-76.29,30.0
31.69,-76.27,30.03
31.69,-76.25,29.94
31.69,-76.23,30.01
31.69,-76.21,30.08
31.69,-76.19,30.0
31.69,-76.17,29.96
31.69,-76.15,29.96
31.69,-76.13,29.95
31.69,-76.01,29.7
31.69,-75.99,29.77
31.69,-75.97,29.73
31.69,-75.95,29.69
31.69,-75.93,29.59
31.69,-75.91,29.58
31.69,-75.67,29.45
31.69,-75.49,29.38
31.67,-80.45,28.43
31.67,-80.43,28.71
31.67,-80.41,29.02
31.67,-80.39,29.16
31.67,-80.37,29.0
31.67,-80.35,28.96
31.67,-80.33,29.52
31.67,-80.31,29.55
31.67,-80.29,29.35
31.67,-80.27,29.17
31.67,-80.25,29.02
31.67,-79.85,29.2
31.67,-79.83,29.38
31.67,-79.81,29.33
31.67,-79.79,29.36
31.67,-79.77,29.65
31.67,-79.75,29.73
31.67,-79.73,29.77
31.67,-79.71,29.81
31.67,-79.69,29.8
31.67,-79.67,29.72
31.67,-79.65,29.72
31.67,-79.63,29.7
31.67,-79.61,29.68
31.67,-79.59,29.64
31.67,-79.57,29.71
31.67,-79.55,29.73
31.67,-79.53,29.76
31.67,-79.51,29.81
31.67,-79.49,30.14
31.67,-79.47,30.22
31.67,-79.45,30.37
31.67,-79.43,30.5
31.67,-79.41,30.48
31.67,-79.39,30.5
31.67,-79.37,30.52
31.67,-79.35,30.53
31.67,-79.33,30.53
31.67,-79.31,30.56
31.67,-79.29,30.6
31.67,-79.27,30.6
31.67,-79.25,30.59
31.67,-79.23,30.61
31.67,-79.21,30.5
31.67,-79.19,30.42
31.67,-79.17,30.37
31.67,-79.15,30.36
31.67,-79.13,30.39
31.67,-79.11,30.43
31.67,-79.09,30.39
31.67,-79.07,30.36
31.67,-79.05,30.33
31.67,-79.03,30.32
31.67,-79.01,30.3
31.67,-78.99,30.29
31.67,-78.97,30.26
31.67,-78.95,30.34
31.67,-78.93,30.37
31.67,-78.91,30.39
31.67,-78.89,30.34
31.67,-78.87,30.28
31.67,-78.85,30.23
31.67,-78.83,30.18
31.67,-78.81,30.15
31.67,-78.79,30.13
31.67,-78.77,30.21
31.67,-78.75,30.26
31.67,-78.73,30.25
31.67,-78.71,30.18
31.67,-78.69,30.15
31.67,-78.67,30.17
31.67,-78.65,30.22
31.67,-78.63,30.24
31.67,-78.61,30.22
31.67,-78.59,30.18
31.67,-78.57,30.18
31.67,-78.55,30.18
31.67,-78.53,30.21
31.67,-78.51,30.16
31.67,-78.49,30.1
31.67,-78.47,30.08
31.67,-78.45,30.01
31.67,-78.43,30.0
31.67,-78.41,30.0
31.67,-78.39,30.03
31.67,-78.37,30.03
31.67,-78.35,30.03
31.67,-78.33,30.06
31.67,-78.31,30.12
31.67,-78.29,30.12
31.67,-78.27,30.08
31.67,-78.25,30.09
31.67,-78.23,30.07
31.67,-78.21,29.97
31.67,-78.19,29.83
31.67,-78.17,29.66
31.67,-78.15,29.7
31.67,-78.13,29.78
31.67,-78.11,29.81
31.67,-78.09,29.81
31.67,-78.07,29.79
31.67,-78.05,29.85
31.67,-78.03,29.79
31.67,-78.01,29.79
31.67,-77.99,29.76
31.67,-77.97,29.67
31.67,-77.95,29.72
31.67,-77.93,29.75
31.67,-77.91,29.75
31.67,-77.89,29.74
31.67,-77.87,29.64
31.67,-77.85,29.74
31.67,-77.83,29.73
31.67,-77.81,29.73
31.67,-77.79,29.73
31.67,-77.77,29.77
31.67,-77.75,29.78
31.67,-77.73,29.87
31.67,-77.71,29.92
31.67,-77.69,29.89
31.67,-77.67,29.87
31.67,-77.65,29.76
31.67,-77.63,29.74
31.67,-77.61,29.76
31.67,-77.59,29.75
31.67,-77.57,29.82
31.67,-77.55,29.87
31.67,-77.53,29.8
31.67,-77.51,29.8
31.67,-77.49,29.75
31.67,-77.47,29.72
31.67,-77.45,29.67
31.67,-77.43,29.6
31.67,-77.41,29.57
31.67,-77.39,29.58
31.67,-77.37,29.67
31.67,-77.35,29.71
31.67,-77.33,29.73
31.67,-77.31,29.74
31.67,-77.29,29.74
31.67,-77.27,29.63
31.67,-77.25,29.54
31.67,-77.23,29.5
31.67,-77.21,29.46
31.67,-77.19,29.42
31.67,-77.17,29.34
31.67,-77.15,29.28
31.67,-77.13,29.21
31.67,-77.11,29.25
31.67,-77.09,29.37
31.67,-77.07,29.35
31.67,-77.05,29.21
31.67,-77.03,29.21
31.67,-77.01,29.2
31.67,-76.99,29.11
31.67,-76.97,29.14
31.67,-76.95,29.15
31.67,-76.93,29.2
31.67,-76.91,29.23
31.67,-76.89,29.1
31.67,-76.87,29.15
31.67,-76.85,29.18
31.67,-76.83,29.14
31.67,-76.81,29.24
31.67,-76.79,29.24
31.67,-76.77,29.3
31.67,-76.75,29.39
31.67,-76.73,29.37
31.67,-76.71,29.39
31.67,-76.57,29.6
31.67,-76.55,29.67
31.67,-76.53,29.71
31.67,-76.51,29.75
31.67,-76.49,29.74
31.67,-76.41,29.94
31.67,-76.37,29.9
31.67,-76.35,29.88
31.67,-76.33,29.91
31.67,-76.31,29.92
31.67,-76.29,29.91
31.67,-76.27,29.93
31.67,-76.25,29.99
31.67,-76.23,29.94
31.67,-76.21,29.91
31.67,-76.19,29.93
31.67,-76.17,29.89
31.67,-76.15,29.84
31.67,-76.13,29.93
31.67,-76.05,29.69
31.67,-76.03,29.66
31.67,-76.01,29.72
31.67,-75.99,29.8
31.67,-75.97,29.82
31.67,-75.95,29.6
31.67,-75.93,29.58
31.67,-75.91,29.59
31.67,-75.83,29.67
31.67,-75.69,29.49
31.65,-80.47,28.52
31.65,-80.45,28.51
31.65,-80.43,28.49
31.65,-80.41,28.8
31.65,-80.39,29.13
31.65,-80.37,29.21
31.65,-80.35,29.3
31.65,-80.33,29.41
31.65,-80.31,29.59
31.65,-80.29,29.65
31.65,-80.27,29.55
31.65,-80.25,29.49
31.65,-80.23,29.51
31.65,-80.21,28.87
31.65,-80.19,28.59
31.65,-79.87,29.34
31.65,-79.85,29.45
31.65,-79.83,29.5
31.65,-79.81,29.56
31.65,-79.79,29.62
31.65,-79.77,29.68
31.65,-79.75,29.71
31.65,-79.73,29.73
31.65,-79.71,29.65
31.65,-79.69,29.63
31.65,-79.67,29.65
31.65,-79.65,29.69
31.65,-79.63,29.62
31.65,-79.61,29.62
31.65,-79.59,29.62
31.65,-79.57,29.69
31.65,-79.55,29.72
31.65,-79.53,29.92
31.65,-79.51,30.12
31.65,-79.49,30.35
31.65,-79.47,30.53
31.65,-79.45,30.5
31.65,-79.43,30.5
31.65,-79.41,30.52
31.65,-79.39,30.56
31.65,-79.37,30.53
31.65,-79.35,30.54
31.65,-79.33,30.6
31.65,-79.31,30.68
31.65,-79.29,30.68
31.65,-79.27,30.64
31.65,-79.25,30.6
31.65,-79.23,30.45
31.65,-79.21,30.37
31.65,-79.19,30.34
31.65,-79.17,30.37
31.65,-79.15,30.43
31.65,-79.13,30.43
31.65,-79.11,30.38
31.65,-79.09,30.3
31.65,-79.07,30.26
31.65,-79.05,30.29
31.65,-79.03,30.32
31.65,-79.01,30.32
31.65,-78.99,30.32
31.65,-78.97,30.32
31.65,-78.95,30.38
31.65,-78.93,30.38
31.65,-78.91,30.24
31.65,-78.89,30.21
31.65,-78.87,30.2
31.65,-78.85,30.15
31.65,-78.83,30.13
31.65,-78.81,30.15
31.65,-78.79,30.24
31.65,-78.77,30.27
31.65,-78.75,30.23
31.65,-78.73,30.19
31.65,-78.71,30.16
31.65,-78.69,30.11
31.65,-78.67,30.16
31.65,-78.65,30.18
31.65,-78.63,30.18
31.65,-78.61,30.15
31.65,-78.59,30.22
31.65,-78.57,30.22
31.65,-78.55,30.21
31.65,-78.53,30.16
31.65,-78.51,30.1
31.65,-78.49,30.1
31.65,-78.47,30.12
31.65,-78.45,30.04
31.65,-78.43,29.98
31.65,-78.41,30.05
31.65,-78.39,30.04
31.65,-78.37,30.05
31.65,-78.35,30.07
31.65,-78.33,30.12
31.65,-78.31,30.17
31.65,-78.29,30.14
31.65,-78.27,30.08
31.65,-78.25,30.12
31.65,-78.23,30.09
31.65,-78.21,29.87
31.65,-78.19,29.79
31.65,-78.17,29.78
31.65,-78.15,29.84
31.65,-78.13,29.87
31.65,-78.11,29.83
31.65,-78.09,29.84
31.65,-78.07,29.86
31.65,-78.05,29.83
31.65,-78.03,29.84
31.65,-78.01,29.77
31.65,-77.99,29.73
31.65,-77.97,29.69
31.65,-77.95,29.74
31.65,-77.93,29.69
31.65,-77.91,29.71
31.65,-77.89,29.73
31.65,-77.87,29.66
31.65,-77.85,29.71
31.65,-77.83,29.69
31.65,-77.81,29.7
31.65,-77.79,29.73
31.65,-77.77,29.77
31.65,-77.75,29.83
31.65,-77.73,29.85
31.65,-77.71,29.88
31.65,-77.69,29.86
31.65,-77.67,29.83
31.65,-77.65,29.78
31.65,-77.63,29.77
31.65,-77.61,29.8
31.65,-77.59,29.77
31.65,-77.57,29.74
31.65,-77.55,29.79
31.65,-77.53,29.84
31.65,-77.51,29.83
31.65,-77.49,29.78
31.65,-77.47,29.73
31.65,-77.45,29.64
31.65,-77.43,29.61
31.65,-77.41,29.62
31.65,-77.39,29.68
31.65,-77.37,29.7
31.65,-77.35,29.78
31.65,-77.33,29.8
31.65,-77.31,29.78
31.65,-77.29,29.71
31.65,-77.27,29.57
31.65,-77.25,29.5
31.65,-77.23,29.47
31.65,-77.21,29.45
31.65,-77.19,29.5
31.65,-77.17,29.39
31.65,-77.15,29.33
31.65,-77.13,29.36
31.65,-77.11,29.42
31.65,-77.09,29.31
31.65,-77.07,29.24
31.65,-77.05,29.25
31.65,-77.03,29.28
31.65,-77.01,29.29
31.65,-76.99,29.19
31.65,-76.97,29.23
31.65,-76.95,29.44
31.65,-76.93,29.11
31.65,-76.91,29.15
31.65,-76.89,29.18
31.65,-76.87,29.18
31.65,-76.85,29.32
31.65,-76.83,29.35
31.65,-76.81,29.34
31.65,-76.79,29.31
31.65,-76.77,29.27
31.65,-76.75,29.26
31.65,-76.73,29.38
31.65,-76.71,29.39
31.65,-76.67,29.43
31.65,-76.65,29.4
31.65,-76.63,29.3
31.65,-76.61,29.33
31.65,-76.59,29.33
31.65,-76.57,29.39
31.65,-76.55,29.55
31.65,-76.53,29.68
31.65,-76.51,29.6
31.65,-76.49,29.58
31.65,-76.47,29.63
31.65,-76.45,29.63
31.65,-76.35,29.84
31.65,-76.33,29.88
31.65,-76.31,29.86
31.65,-76.29,29.82
31.65,-76.27,29.87
31.65,-76.25,29.97
31.65,-76.23,29.98
31.65,-76.21,29.99
31.65,-76.19,29.95
31.65,-76.17,29.85
31.65,-76.15,29.81
31.65,-76.13,29.78
31.65,-76.07,29.75
31.65,-76.05,29.72
31.65,-76.03,29.74
31.65,-76.01,29.76
31.65,-75.99,29.73
31.65,-75.97,29.68
31.65,-75.95,29.64
31.65,-75.93,29.61
31.63,-80.45,28.78
31.63,-80.43,28.64
31.63,-80.41,28.6
31.63,-80.39,29.26
31.63,-80.37,29.32
31.63,-80.35,29.35
31.63,-80.33,29.41
31.63,-80.31,29.51
31.63,-80.29,29.52
31.63,-80.27,29.53
31.63,-80.25,29.53
31.63,-80.23,29.49
31.63,-80.21,29.38
31.63,-80.19,28.87
31.63,-80.17,28.39
31.63,-80.15,28.4
31.63,-79.87,29.35
31.63,-79.85,29.47
31.63,-79.83,29.51
31.63,-79.81,29.56
31.63,-79.79,29.62
31.63,-79.77,29.66
31.63,-79.75,29.62
31.63,-79.73,29.59
31.63,-79.71,29.57
31.63,-79.69,29.61
31.63,-79.67,29.67
31.63,-79.65,29.61
31.63,-79.63,29.58
31.63,-79.61,29.6
31.63,-79.59,29.6
31.63,-79.57,29.6
31.63,-79.55,29.7
31.63,-79.53,30.26
31.63,-79.51,30.42
31.63,-79.49,30.49
31.63,-79.47,30.56
31.63,-79.45,30.53
31.63,-79.43,30.58
31.63,-79.41,30.55
31.63,-79.39,30.59
31.63,-79.37,30.6
31.63,-79.35,30.64
31.63,-79.33,30.68
31.63,-79.31,30.67
31.63,-79.29,30.6
31.63,-79.27,30.51
31.63,-79.25,30.39
31.63,-79.23,30.36
31.63,-79.21,30.33
31.63,-79.19,30.39
31.63,-79.17,30.47
31.63,-79.15,30.44
31.63,-79.13,30.35
31.63,-79.11,30.27
31.63,-79.09,30.29
31.63,-79.07,30.27
31.63,-79.05,30.31
31.63,-79.03,30.33
31.63,-79.01,30.35
31.63,-78.99,30.31
31.63,-78.97,30.32
31.63,-78.95,30.31
31.63,-78.93,30.24
31.63,-78.91,30.16
31.63,-78.89,30.15
31.63,-78.87,30.15
31.63,-78.85,30.17
31.63,-78.83,30.22
31.63,-78.81,30.27
31.63,-78.79,30.26
31.63,-78.77,30.2
31.63,-78.75,30.19
31.63,-78.73,30.22
31.63,-78.71,30.17
31.63,-78.69,30.09
31.63,-78.67,30.13
31.63,-78.65,30.16
31.63,-78.63,30.19
31.63,-78.61,30.22
31.63,-78.59,30.24
31.63,-78.57,30.22
31.63,-78.55,30.19
31.63,-78.53,30.1
31.63,-78.51,30.05
31.63,-78.49,30.15
31.63,-78.47,30.09
31.63,-78.45,30.04
31.63,-78.43,30.04
31.63,-78.41,30.05
31.63,-78.39,30.06
31.63,-78.37,30.11
31.63,-78.35,30.15
31.63,-78.33,30.18
31.63,-78.31,30.15
31.63,-78.29,30.09
31.63,-78.27,30.11
31.63,-78.25,30.1
31.63,-78.23,29.94
31.63,-78.21,29.87
31.63,-78.19,29.84
31.63,-78.17,29.84
31.63,-78.15,29.85
31.63,-78.13,29.85
31.63,-78.11,29.9
31.63,-78.09,29.92
31.63,-78.07,29.84
31.63,-78.05,29.82
31.63,-78.03,29.81
31.63,-78.01,29.76
31.63,-77.99,29.73
31.63,-77.97,29.81
31.63,-77.95,29.79
31.63,-77.93,29.72
31.63,-77.91,29.7
31.63,-77.89,29.74
31.63,-77.87,29.76
31.63,-77.85,29.79
31.63,-77.83,29.81
31.63,-77.81,29.78
31.63,-77.79,29.73
31.63,-77.77,29.78
31.63,-77.75,29.79
31.63,-77.73,29.82
31.63,-77.71,29.86
31.63,-77.69,29.85
31.63,-77.67,29.82
31.63,-77.65,29.81
31.63,-77.63,29.81
31.63,-77.61,29.73
31.63,-77.59,29.69
31.63,-77.57,29.72
31.63,-77.55,29.8
31.63,-77.53,29.82
31.63,-77.51,29.75
31.63,-77.49,29.72
31.63,-77.47,29.67
31.63,-77.45,29.64
31.63,-77.43,29.67
31.63,-77.41,29.7
31.63,-77.39,29.73
31.63,-77.37,29.75
31.63,-77.35,29.8
31.63,-77.33,29.8
31.63,-77.31,29.72
31.63,-77.29,29.65
31.63,-77.27,29.59
31.63,-77.25,29.56
31.63,-77.23,29.54
31.63,-77.21,29.46
31.63,-77.19,29.46
31.63,-77.17,29.4
31.63,-77.15,29.36
31.63,-77.13,29.38
31.63,-77.11,29.37
31.63,-77.09,29.28
31.63,-77.07,29.32
31.63,-77.05,29.31
31.63,-77.03,29.34
31.63,-77.01,29.36
31.63,-76.99,29.38
31.63,-76.97,29.43
31.63,-76.95,29.47
31.63,-76.93,29.3
31.63,-76.91,29.03
31.63,-76.89,29.14
31.63,-76.87,29.29
31.63,-76.85,29.34
31.63,-76.83,29.49
31.63,-76.81,29.51
31.63,-76.79,29.38
31.63,-76.77,29.21
31.63,-76.75,29.35
31.63,-76.73,29.44
31.63,-76.71,29.43
31.63,-76.69,29.4
31.63,-76.67,29.43
31.63,-76.65,29.45
31.63,-76.63,29.47
31.63,-76.61,29.45
31.63,-76.59,29.32
31.63,-76.57,29.29
31.63,-76.55,29.34
31.63,-76.53,29.51
31.63,-76.51,29.54
31.63,-76.49,29.63
31.63,-76.47,29.69
31.63,-76.45,29.65
31.63,-76.43,29.62
31.63,-76.39,29.87
31.63,-76.37,29.9
31.63,-76.35,29.93
31.63,-76.33,29.9
31.63,-76.31,29.89
31.63,-76.29,29.87
31.63,-76.27,29.92
31.63,-76.25,29.96
31.63,-76.23,29.98
31.63,-76.21,29.96
31.63,-76.19,29.9
31.63,-76.17,29.84
31.63,-76.15,29.83
31.63,-76.13,29.75
31.63,-76.11,29.74
31.63,-76.09,29.76
31.63,-76.07,29.79
31.63,-76.05,29.77
31.63,-76.03,29.75
31.63,-76.01,29.75
31.63,-75.99,29.7
31.63,-75.97,29.69
31.63,-75.95,29.69
31.61,-80.43,28.54
31.61,-80.41,28.5
31.61,-80.39,28.87
31.61,-80.37,29.14
31.61,-80.35,29.3
31.61,-80.33,29.36
31.61,-80.31,29.38
31.61,-80.29,29.37
31.61,-80.27,29.39
31.61,-80.25,29.42
31.61,-80.23,29.42
31.61,-80.21,29.41
31.61,-80.19,29.34
31.61,-80.17,29.22
31.61,-80.15,28.94
31.61,-80.13,28.75
31.61,-79.95,29.1
31.61,-79.93,29.17
31.61,-79.91,29.15
31.61,-79.89,29.26
31.61,-79.87,29.36
31.61,-79.85,29.42
31.61,-79.83,29.47
31.61,-79.81,29.56
31.61,-79.79,29.56
31.61,-79.77,29.54
31.61,-79.75,29.55
31.61,-79.73,29.53
31.61,-79.71,29.54
31.61,-79.69,29.55
31.61,-79.67,29.58
31.61,-79.65,29.59
31.61,-79.63,29.57
31.61,-79.61,29.57
31.61,-79.59,29.6
31.61,-79.57,29.61
31.61,-79.55,30.39
31.61,-79.53,30.34
31.61,-79.51,30.5
31.61,-79.49,30.52
31.61,-79.47,30.61
31.61,-79.45,30.62
31.61,-79.43,30.63
31.61,-79.41,30.66
31.61,-79.39,30.72
31.61,-79.37,30.7
31.61,-79.35,30.61
31.61,-79.33,30.67
31.61,-79.31,30.61
31.61,-79.29,30.48
31.61,-79.27,30.39
31.61,-79.25,30.36
31.61,-79.23,30.37
31.61,-79.21,30.38
31.61,-79.19,30.38
31.61,-79.17,30.34
31.61,-79.15,30.35
31.61,-79.13,30.32
31.61,-79.11,30.3
31.61,-79.09,30.33
31.61,-79.07,30.35
31.61,-79.05,30.33
31.61,-79.03,30.27
31.61,-79.01,30.25
31.61,-78.99,30.24
31.61,-78.97,30.24
31.61,-78.95,30.18
31.61,-78.93,30.15
31.61,-78.91,30.14
31.61,-78.89,30.15
31.61,-78.87,30.18
31.61,-78.85,30.22
31.61,-78.83,30.27
31.61,-78.81,30.3
31.61,-78.79,30.25
31.61,-78.77,30.21
31.61,-78.75,30.2
31.61,-78.73,30.2
31.61,-78.71,30.16
31.61,-78.69,30.17
31.61,-78.67,30.22
31.61,-78.65,30.26
31.61,-78.63,30.22
31.61,-78.61,30.22
31.61,-78.59,30.2
31.61,-78.57,30.19
31.61,-78.55,30.18
31.61,-78.53,30.18
31.61,-78.51,30.17
31.61,-78.49,30.11
31.61,-78.47,30.12
31.61,-78.45,30.1
31.61,-78.43,30.06
31.61,-78.41,30.07
31.61,-78.39,30.11
31.61,-78.37,30.13
31.61,-78.35,30.16
31.61,-78.33,30.16
31.61,-78.31,30.15
31.61,-78.29,30.15
31.61,-78.27,30.14
31.61,-78.25,30.05
31.61,-78.23,29.94
31.61,-78.21,29.88
31.61,-78.19,29.9
31.61,-78.17,29.89
31.61,-78.15,29.86
31.61,-78.13,29.83
31.61,-78.11,29.89
31.61,-78.09,29.88
31.61,-78.07,29.83
31.61,-78.05,29.84
31.61,-78.03,29.8
31.61,-78.01,29.81
31.61,-77.99,29.78
31.61,-77.97,29.75
31.61,-77.95,29.72
31.61,-77.93,29.73
31.61,-77.91,29.73
31.61,-77.89,29.79
31.61,-77.87,29.82
31.61,-77.85,29.83
31.61,-77.83,29.75
31.61,-77.81,29.71
31.61,-77.79,29.73
31.61,-77.77,29.76
31.61,-77.75,29.79
31.61,-77.73,29.83
31.61,-77.71,29.89
31.61,-77.69,29.88
31.61,-77.67,29.86
31.61,-77.65,29.83
31.61,-77.63,29.72
31.61,-77.61,29.65
31.61,-77.59,29.67
31.61,-77.57,29.73
31.61,-77.55,29.78
31.61,-77.53,29.75
31.61,-77.51,29.72
31.61,-77.49,29.69
31.61,-77.47,29.67
31.61,-77.45,29.67
31.61,-77.43,29.66
31.61,-77.41,29.72
31.61,-77.39,29.77
31.61,-77.37,29.78
31.61,-77.35,29.81
31.61,-77.33,29.78
31.61,-77.31,29.73
31.61,-77.29,29.73
31.61,-77.27,29.72
31.61,-77.25,29.62
31.61,-77.23,29.53
31.61,-77.21,29.44
31.61,-77.19,29.4
31.61,-77.17,29.41
31.61,-77.15,29.44
31.61,-77.13,29.42
31.61,-77.11,29.4
31.61,-77.09,29.41
31.61,-77.07,29.42
31.61,-77.05,29.39
31.61,-77.03,29.33
31.61,-77.01,29.38
31.61,-76.99,29.33
31.61,-76.97,29.33
31.61,-76.95,29.27
31.61,-76.93,29.26
31.61,-76.91,29.25
31.61,-76.89,29.13
31.61,-76.87,29.17
31.61,-76.85,29.42
31.61,-76.83,29.49
31.61,-76.81,29.59
31.61,-76.79,29.34
31.61,-76.77,29.34
31.61,-76.75,29.49
31.61,-76.73,29.51
31.61,-76.71,29.55
31.61,-76.69,29.53
31.61,-76.67,29.5
31.61,-76.65,29.56
31.61,-76.63,29.58
31.61,-76.61,29.6
31.61,-76.59,29.57
31.61,-76.57,29.48
31.61,-76.55,29.48
31.61,-76.53,29.47
31.61,-76.51,29.52
31.61,-76.49,29.56
31.61,-76.47,29.63
31.61,-76.45,29.64
31.61,-76.43,29.63
31.61,-76.41,29.63
31.61,-76.39,29.65
31.61,-76.37,29.92
31.61,-76.35,30.0
31.61,-76.33,29.99
31.61,-76.31,30.03
31.61,-76.29,29.99
31.61,-76.27,29.99
31.61,-76.25,29.99
31.61,-76.23,29.97
31.61,-76.21,29.95
31.61,-76.19,29.9
31.61,-76.17,29.86
31.61,-76.15,29.83
31.61,-76.13,29.81
31.61,-76.11,29.8
31.61,-76.09,29.78
31.61,-76.07,29.79
31.61,-76.05,29.77
31.61,-76.03,29.75
31.61,-76.01,29.74
31.61,-75.99,29.75
31.61,-75.97,29.75
31.61,-75.95,29.66
31.61,-75.93,29.58
31.59,-80.43,28.23
31.59,-80.41,28.3
31.59,-80.39,28.68
31.59,-80.37,28.95
31.59,-80.35,29.2
31.59,-80.33,29.31
31.59,-80.31,29.35
31.59,-80.29,29.33
31.59,-80.27,29.37
31.59,-80.25,29.37
31.59,-80.23,29.34
31.59,-80.21,29.33
31.59,-80.19,29.33
31.59,-80.17,29.26
31.59,-80.15,29.08
31.59,-80.13,28.95
31.59,-80.11,28.9
31.59,-80.09,28.6
31.59,-80.07,28.52
31.59,-80.05,28.45
31.59,-80.03,28.5
31.59,-80.01,28.57
31.59,-79.99,28.91
31.59,-79.97,29.22
31.59,-79.95,29.23
31.59,-79.93,29.26
31.59,-79.91,29.27
31.59,-79.89,29.3
31.59,-79.87,29.34
31.59,-79.85,29.38
31.59,-79.83,29.42
31.59,-79.81,29.47
31.59,-79.79,29.48
31.59,-79.77,29.46
31.59,-79.75,29.48
31.59,-79.73,29.51
31.59,-79.71,29.56
31.59,-79.69,29.54
31.59,-79.67,29.54
31.59,-79.65,29.51
31.59,-79.63,29.58
31.59,-79.61,29.61
31.59,-79.59,29.94
31.59,-79.57,30.41
31.59,-79.55,30.46
31.59,-79.53,30.52
31.59,-79.51,30.57
31.59,-79.49,30.6
31.59,-79.47,30.6
31.59,-79.45,30.62
31.59,-79.43,30.72
31.59,-79.41,30.76
31.59,-79.39,30.78
31.59,-79.37,30.71
31.59,-79.35,30.62
31.59,-79.33,30.6
31.59,-79.31,30.48
31.59,-79.29,30.39
31.59,-79.27,30.38
31.59,-79.25,30.35
31.59,-79.23,30.36
31.59,-79.21,30.35
31.59,-79.19,30.31
31.59,-79.17,30.31
31.59,-79.15,30.3
31.59,-79.13,30.31
31.59,-79.11,30.3
31.59,-79.09,30.23
31.59,-79.07,30.24
31.59,-79.05,30.23
31.59,-79.03,30.23
31.59,-79.01,30.21
31.59,-78.99,30.21
31.59,-78.97,30.21
31.59,-78.95,30.16
31.59,-78.93,30.13
31.59,-78.91,30.14
31.59,-78.89,30.18
31.59,-78.87,30.22
31.59,-78.85,30.22
31.59,-78.83,30.26
31.59,-78.81,30.2
31.59,-78.79,30.19
31.59,-78.77,30.2
31.59,-78.75,30.17
31.59,-78.73,30.18
31.59,-78.71,30.19
31.59,-78.69,30.2
31.59,-78.67,30.17
31.59,-78.65,30.19
31.59,-78.63,30.21
31.59,-78.61,30.22
31.59,-78.59,30.22
31.59,-78.57,30.22
31.59,-78.55,30.22
31.59,-78.53,30.22
31.59,-78.51,30.21
31.59,-78.49,30.17
31.59,-78.47,30.12
31.59,-78.45,30.07
31.59,-78.43,30.1
31.59,-78.41,30.14
31.59,-78.39,30.14
31.59,-78.37,30.13
31.59,-78.35,30.13
31.59,-78.33,30.11
31.59,-78.31,30.12
31.59,-78.29,30.12
31.59,-78.27,30.04
31.59,-78.25,29.97
31.59,-78.23,29.95
31.59,-78.21,29.97
31.59,-78.19,29.94
31.59,-78.17,29.87
31.59,-78.15,29.86
31.59,-78.13,29.88
31.59,-78.11,29.86
31.59,-78.09,29.85
31.59,-78.07,29.85
31.59,-78.05,29.87
31.59,-78.03,29.81
31.59,-78.01,29.78
31.59,-77.99,29.76
31.59,-77.97,29.74
31.59,-77.95,29.75
31.59,-77.93,29.77
31.59,-77.91,29.77
31.59,-77.89,29.83
31.59,-77.87,29.8
31.59,-77.85,29.73
31.59,-77.83,29.72
31.59,-77.81,29.71
31.59,-77.79,29.75
31.59,-77.77,29.81
31.59,-77.75,29.81
31.59,-77.73,29.84
31.59,-77.71,29.9
31.59,-77.69,29.9
31.59,-77.67,29.87
31.59,-77.65,29.78
31.59,-77.63,29.66
31.59,-77.61,29.65
31.59,-77.59,29.69
31.59,-77.57,29.72
31.59,-77.55,29.73
31.59,-77.53,29.71
31.59,-77.51,29.71
31.59,-77.49,29.67
31.59,-77.47,29.65
31.59,-77.45,29.68
31.59,-77.43,29.7
31.59,-77.41,29.78
31.59,-77.39,29.85
31.59,-77.37,29.86
31.59,-77.35,29.84
31.59,-77.33,29.84
31.59,-77.31,29.84
31.59,-77.29,29.79
31.59,-77.27,29.73
31.59,-77.25,29.62
31.59,-77.23,29.55
31.59,-77.21,29.51
31.59,-77.19,29.47
31.59,-77.17,29.46
31.59,-77.15,29.46
31.59,-77.13,29.49
31.59,-77.11,29.49
31.59,-77.09,29.46
31.59,-77.07,29.45
31.59,-77.05,29.47
31.59,-77.03,29.66
31.59,-77.01,29.57
31.59,-76.99,29.49
31.59,-76.97,29.44
31.59,-76.95,29.41
31.59,-76.93,29.5
31.59,-76.91,29.46
31.59,-76.89,29.38
31.59,-76.87,29.47
31.59,-76.85,29.46
31.59,-76.83,29.44
31.59,-76.81,29.47
31.59,-76.79,29.48
31.59,-76.77,29.49
31.59,-76.75,29.54
31.59,-76.73,29.54
31.59,-76.71,29.55
31.59,-76.69,29.59
31.59,-76.67,29.63
31.59,-76.65,29.59
31.59,-76.63,29.57
31.59,-76.61,29.64
31.59,-76.59,29.75
31.59,-76.57,29.78
31.59,-76.55,29.71
31.59,-76.53,29.63
31.59,-76.51,29.59
31.59,-76.49,29.57
31.59,-76.47,29.64
31.59,-76.45,29.66
31.59,-76.43,29.66
31.59,-76.41,29.6
31.59,-76.39,29.69
31.59,-76.37,29.75
31.59,-76.35,29.99
31.59,-76.33,30.02
31.59,-76.31,30.06
31.59,-76.29,29.99
31.59,-76.27,29.99
31.59,-76.25,30.03
31.59,-76.23,30.01
31.59,-76.21,30.01
31.59,-76.19,29.96
31.59,-76.17,29.88
31.59,-76.15,29.82
31.59,-76.13,29.82
31.59,-76.11,29.83
31.59,-76.09,29.79
31.59,-76.07,29.81
31.59,-76.05,29.82
31.59,-76.03,29.81
31.59,-76.01,29.78
31.59,-75.99,29.78
31.59,-75.97,29.73
31.59,-75.95,29.68
31.59,-75.93,29.6
31.59,-75.49,29.64
31.59,-75.47,29.55
31.57,-80.41,28.2
31.57,-80.39,28.36
31.57,-80.37,28.78
31.57,-80.35,29.12
31.57,-80.33,29.29
31.57,-80.31,29.31
31.57,-80.29,29.28
31.57,-80.27,29.29
31.57,-80.25,29.29
31.57,-80.23,29.26
31.57,-80.21,29.26
31.57,-80.19,29.24
31.57,-80.17,29.21
31.57,-80.15,29.17
31.57,-80.13,29.12
31.57,-80.11,28.97
31.57,-80.09,28.73
31.57,-80.07,28.75
31.57,-80.05,29.02
31.57,-80.03,28.88
31.57,-80.01,29.02
31.57,-79.99,29.09
31.57,-79.97,29.11
31.57,-79.95,29.21
31.57,-79.93,29.27
31.57,-79.91,29.24
31.57,-79.89,29.29
31.57,-79.87,29.33
31.57,-79.85,29.36
31.57,-79.83,29.4
31.57,-79.81,29.44
31.57,-79.79,29.44
31.57,-79.77,29.45
31.57,-79.75,29.5
31.57,-79.73,29.56
31.57,-79.71,29.55
31.57,-79.69,29.54
31.57,-79.67,29.59
31.57,-79.65,29.6
31.57,-79.63,29.67
31.57,-79.61,30.07
31.57,-79.59,30.4
31.57,-79.57,30.51
31.57,-79.55,30.51
31.57,-79.53,30.57
31.57,-79.51,30.6
31.57,-79.49,30.6
31.57,-79.47,30.69
31.57,-79.45,30.74
31.57,-79.43,30.79
31.57,-79.41,30.76
31.57,-79.39,30.71
31.57,-79.37,30.65
31.57,-79.35,30.56
31.57,-79.33,30.44
31.57,-79.31,30.44
31.57,-79.29,30.47
31.57,-79.27,30.4
31.57,-79.25,30.35
31.57,-79.23,30.29
31.57,-79.21,30.3
31.57,-79.19,30.29
31.57,-79.17,30.25
31.57,-79.15,30.22
31.57,-79.13,30.21
31.57,-79.11,30.19
31.57,-79.09,30.14
31.57,-79.07,30.18
31.57,-79.05,30.18
31.57,-79.03,30.19
31.57,-79.01,30.19
31.57,-78.99,30.19
31.57,-78.97,30.19
31.57,-78.95,30.15
31.57,-78.93,30.12
31.57,-78.91,30.17
31.57,-78.89,30.21
31.57,-78.87,30.21
31.57,-78.85,30.22
31.57,-78.83,30.24
31.57,-78.81,30.18
31.57,-78.79,30.18
31.57,-78.77,30.21
31.57,-78.75,30.18
31.57,-78.73,30.15
31.57,-78.71,30.17
31.57,-78.69,30.15
31.57,-78.67,30.12
31.57,-78.65,30.12
31.57,-78.63,30.17
31.57,-78.61,30.2
31.57,-78.59,30.26
31.57,-78.57,30.26
31.57,-78.55,30.24
31.57,-78.53,30.26
31.57,-78.51,30.22
31.57,-78.49,30.17
31.57,-78.47,30.14
31.57,-78.45,30.12
31.57,-78.43,30.14
31.57,-78.41,30.17
31.57,-78.39,30.15
31.57,-78.37,30.15
31.57,-78.35,30.14
31.57,-78.33,30.05
31.57,-78.31,30.04
31.57,-78.29,30.01
31.57,-78.27,29.96
31.57,-78.25,29.96
31.57,-78.23,29.98
31.57,-78.21,29.94
31.57,-78.19,29.84
31.57,-78.17,29.83
31.57,-78.15,29.87
31.57,-78.13,29.9
31.57,-78.11,29.88
31.57,-78.09,29.86
31.57,-78.07,29.85
31.57,-78.05,29.82
31.57,-78.03,29.7
31.57,-78.01,29.77
31.57,-77.99,29.8
31.57,-77.97,29.79
31.57,-77.95,29.77
31.57,-77.93,29.77
31.57,-77.91,29.74
31.57,-77.89,29.8
31.57,-77.87,29.76
31.57,-77.85,29.74
31.57,-77.83,29.74
31.57,-77.81,29.72
31.57,-77.79,29.8
31.57,-77.77,29.84
31.57,-77.75,29.8
31.57,-77.73,29.82
31.57,-77.71,29.83
31.57,-77.69,29.87
31.57,-77.67,29.86
31.57,-77.65,29.7
31.57,-77.63,29.68
31.57,-77.61,29.69
31.57,-77.59,29.65
31.57,-77.57,29.71
31.57,-77.55,29.76
31.57,-77.53,29.75
31.57,-77.51,29.72
31.57,-77.49,29.63
31.57,-77.47,29.64
31.57,-77.45,29.74
31.57,-77.43,29.83
31.57,-77.41,29.9
31.57,-77.39,29.88
31.57,-77.37,29.9
31.57,-77.35,29.92
31.57,-77.33,29.9
31.57,-77.31,29.86
31.57,-77.29,29.8
31.57,-77.27,29.7
31.57,-77.25,29.64
31.57,-77.23,29.62
31.57,-77.21,29.55
31.57,-77.19,29.54
31.57,-77.17,29.53
31.57,-77.15,29.53
31.57,-77.13,29.52
31.57,-77.11,29.48
31.57,-77.09,29.57
31.57,-77.07,29.53
31.57,-77.05,29.56
31.57,-77.03,29.58
31.57,-77.01,29.41
31.57,-76.99,29.45
31.57,-76.97,29.47
31.57,-76.95,29.48
31.57,-76.93,29.45
31.57,-76.91,29.45
31.57,-76.89,29.47
31.57,-76.87,29.54
31.57,-76.85,29.55
31.57,-76.83,29.52
31.57,-76.81,29.5
31.57,-76.79,29.57
31.57,-76.77,29.6
31.57,-76.75,29.61
31.57,-76.73,29.6
31.57,-76.71,29.61
31.57,-76.69,29.61
31.57,-76.67,29.6
31.57,-76.65,29.58
31.57,-76.63,29.73
31.57,-76.61,29.82
31.57,-76.59,29.8
31.57,-76.57,29.8
31.57,-76.55,29.73
31.57,-76.53,29.74
31.57,-76.51,29.68
31.57,-76.49,29.65
31.57,-76.47,29.71
31.57,-76.45,29.68
31.57,-76.43,29.59
31.57,-76.41,29.58
31.57,-76.39,29.76
31.57,-76.37,29.79
31.57,-76.35,29.82
31.57,-76.33,30.01
31.57,-76.31,30.01
31.57,-76.29,29.98
31.57,-76.27,30.03
31.57,-76.25,30.04
31.57,-76.23,30.04
31.57,-76.21,30.05
31.57,-76.19,29.98
31.57,-76.17,29.87
31.57,-76.15,29.81
31.57,-76.13,29.87
31.57,-76.11,29.88
31.57,-76.09,29.85
31.57,-76.07,29.87
31.57,-76.05,29.86
31.57,-76.03,29.83
31.57,-76.01,29.8
31.57,-75.99,29.82
31.57,-75.97,29.81
31.57,-75.95,29.72
31.57,-75.93,29.63
31.55,-80.39,28.24
31.55,-80.37,28.43
31.55,-80.35,28.96
31.55,-80.33,29.26
31.55,-80.31,29.25
31.55,-80.29,29.23
31.55,-80.27,29.25
31.55,-80.25,29.24
31.55,-80.23,29.21
31.55,-80.21,29.18
31.55,-80.19,29.15
31.55,-80.17,29.15
31.55,-80.15,29.14
31.55,-80.13,29.15
31.55,-80.11,29.11
31.55,-80.09,29.1
31.55,-80.07,29.08
31.55,-80.05,29.08
31.55,-80.03,29.07
31.55,-80.01,29.08
31.55,-79.99,29.07
31.55,-79.97,29.12
31.55,-79.95,29.15
31.55,-79.93,29.19
31.55,-79.91,29.24
31.55,-79.89,29.28
31.55,-79.87,29.32
31.55,-79.85,29.35
31.55,-79.83,29.4
31.55,-79.81,29.46
31.55,-79.79,29.51
31.55,-79.77,29.57
31.55,-79.75,29.61
31.55,-79.73,29.54
31.55,-79.71,29.46
31.55,-79.69,29.58
31.55,-79.67,29.67
31.55,-79.65,29.9
31.55,-79.63,30.29
31.55,-79.61,30.47
31.55,-79.59,30.46
31.55,-79.57,30.52
31.55,-79.55,30.6
31.55,-79.53,30.63
31.55,-79.51,30.67
31.55,-79.49,30.74
31.55,-79.47,30.79
31.55,-79.45,30.8
31.55,-79.43,30.74
31.55,-79.41,30.69
31.55,-79.39,30.62
31.55,-79.37,30.51
31.55,-79.35,30.45
31.55,-79.33,30.48
31.55,-79.31,30.48
31.55,-79.29,30.41
31.55,-79.27,30.34
31.55,-79.25,30.28
31.55,-79.23,30.25
31.55,-79.21,30.23
31.55,-79.19,30.22
31.55,-79.17,30.18
31.55,-79.15,30.18
31.55,-79.13,30.2
31.55,-79.11,30.15
31.55,-79.09,30.12
31.55,-79.07,30.11
31.55,-79.05,30.12
31.55,-79.03,30.18
31.55,-79.01,30.16
31.55,-78.99,30.14
31.55,-78.97,30.12
31.55,-78.95,30.13
31.55,-78.93,30.18
31.55,-78.91,30.24
31.55,-78.89,30.22
31.55,-78.87,30.25
31.55,-78.85,30.22
31.55,-78.83,30.13
31.55,-78.81,30.16
31.55,-78.79,30.13
31.55,-78.77,30.17
31.55,-78.75,30.19
31.55,-78.73,30.17
31.55,-78.71,30.18
31.55,-78.69,30.12
31.55,-78.67,30.05
31.55,-78.65,30.07
31.55,-78.63,30.16
31.55,-78.61,30.16
31.55,-78.59,30.14
31.55,-78.57,30.2
31.55,-78.55,30.28
31.55,-78.53,30.29
31.55,-78.51,30.25
31.55,-78.49,30.22
31.55,-78.47,30.16
31.55,-78.45,30.13
31.55,-78.43,30.15
31.55,-78.41,30.21
31.55,-78.39,30.18
31.55,-78.37,30.19
31.55,-78.35,30.12
31.55,-78.33,30.15
31.55,-78.31,30.02
31.55,-78.29,29.95
31.55,-78.27,29.91
31.55,-78.25,29.95
31.55,-78.23,29.83
31.55,-78.21,29.83
31.55,-78.19,29.84
31.55,-78.17,29.86
31.55,-78.15,29.88
31.55,-78.13,29.89
31.55,-78.11,29.88
31.55,-78.09,29.9
31.55,-78.07,29.81
31.55,-78.05,29.8
31.55,-78.03,29.78
31.55,-78.01,29.76
31.55,-77.99,29.75
31.55,-77.97,29.75
31.55,-77.95,29.75
31.55,-77.93,29.75
31.55,-77.91,29.74
31.55,-77.89,29.81
31.55,-77.87,29.74
31.55,-77.85,29.72
31.55,-77.83,29.75
31.55,-77.81,29.77
31.55,-77.79,29.81
31.55,-77.77,29.79
31.55,-77.75,29.78
31.55,-77.73,29.82
31.55,-77.71,29.86
31.55,-77.69,29.81
31.55,-77.67,29.78
31.55,-77.65,29.73
31.55,-77.63,29.71
31.55,-77.61,29.63
31.55,-77.59,29.66
31.55,-77.57,29.74
31.55,-77.55,29.74
31.55,-77.53,29.71
31.55,-77.51,29.69
31.55,-77.49,29.73
31.55,-77.47,29.8
31.55,-77.45,29.85
31.55,-77.43,29.85
31.55,-77.41,29.9
31.55,-77.39,29.92
31.55,-77.37,29.93
31.55,-77.35,29.89
31.55,-77.33,29.86
31.55,-77.31,29.85
31.55,-77.29,29.8
31.55,-77.27,29.74
31.55,-77.25,29.71
31.55,-77.23,29.66
31.55,-77.21,29.6
31.55,-77.19,29.6
31.55,-77.17,29.6
31.55,-77.15,29.62
31.55,-77.13,29.58
31.55,-77.11,29.46
31.55,-77.09,29.61
31.55,-77.07,29.6
31.55,-77.05,29.62
31.55,-77.03,29.59
31.55,-77.01,29.51
31.55,-76.99,29.54
31.55,-76.97,29.63
31.55,-76.95,29.53
31.55,-76.93,29.46
31.55,-76.91,29.45
31.55,-76.89,29.53
31.55,-76.87,29.55
31.55,-76.85,29.57
31.55,-76.83,29.54
31.55,-76.81,29.55
31.55,-76.79,29.66
31.55,-76.77,29.7
31.55,-76.75,29.67
31.55,-76.73,29.66
31.55,-76.71,29.7
31.55,-76.69,29.65
31.55,-76.67,29.61
31.55,-76.65,29.61
31.55,-76.63,29.87
31.55,-76.61,29.92
31.55,-76.59,29.79
31.55,-76.57,29.75
31.55,-76.55,29.78
31.55,-76.53,29.79
31.55,-76.51,29.74
31.55,-76.49,29.7
31.55,-76.47,29.74
31.55,-76.45,29.71
31.55,-76.43,29.67
31.55,-76.41,29.67
31.55,-76.39,29.87
31.55,-76.37,29.96
31.55,-76.35,29.87
31.55,-76.33,29.94
31.55,-76.31,29.98
31.55,-76.29,30.01
31.55,-76.27,30.07
31.55,-76.25,30.13
31.55,-76.23,30.25
31.55,-76.21,30.12
31.55,-76.19,29.99
31.55,-76.17,29.93
31.55,-76.15,29.83
31.55,-76.13,29.85
31.55,-76.11,29.86
31.55,-76.09,29.89
31.55,-76.07,29.93
31.55,-76.05,29.9
31.55,-76.03,29.83
31.55,-76.01,29.82
31.55,-75.99,29.95
31.55,-75.97,29.86
31.55,-75.95,29.71
31.55,-75.93,29.62
31.55,-75.65,29.52
31.53,-80.37,28.12
31.53,-80.35,28.67
31.53,-80.33,29.15
31.53,-80.31,29.25
31.53,-80.29,29.21
31.53,-80.27,29.22
31.53,-80.25,29.18
31.53,-80.23,29.16
31.53,-80.21,29.12
31.53,-80.19,29.09
31.53,-80.17,29.14
31.53,-80.15,29.18
31.53,-80.13,29.16
31.53,-80.11,29.09
31.53,-80.09,29.07
31.53,-80.07,29.09
31.53,-80.05,29.12
31.53,-80.03,29.07
31.53,-80.01,29.05
31.53,-79.99,29.08
31.53,-79.97,29.11
31.53,-79.95,29.14
31.53,-79.93,29.17
31.53,-79.91,29.27
31.53,-79.89,29.33
31.53,-79.87,29.38
31.53,-79.85,29.41
31.53,-79.83,29.46
31.53,-79.81,29.54
31.53,-79.79,29.63
31.53,-79.77,29.68
31.53,-79.75,29.64
31.53,-79.73,29.66
31.53,-79.71,29.63
31.53,-79.69,29.78
31.53,-79.67,29.99
31.53,-79.65,30.42
31.53,-79.63,30.53
31.53,-79.61,30.52
31.53,-79.59,30.52
31.53,-79.57,30.56
31.53,-79.55,30.65
31.53,-79.53,30.73
31.53,-79.51,30.79
31.53,-79.49,30.79
31.53,-79.47,30.8
31.53,-79.45,30.75
31.53,-79.43,30.68
31.53,-79.41,30.58
31.53,-79.39,30.53
31.53,-79.37,30.5
31.53,-79.35,30.44
31.53,-79.33,30.44
31.53,-79.31,30.33
31.53,-79.29,30.28
31.53,-79.27,30.27
31.53,-79.25,30.23
31.53,-79.23,30.18
31.53,-79.21,30.21
31.53,-79.19,30.22
31.53,-79.17,30.16
31.53,-79.15,30.13
31.53,-79.13,30.09
31.53,-79.11,30.06
31.53,-79.09,30.11
31.53,-79.07,30.17
31.53,-79.05,30.17
31.53,-79.03,30.2
31.53,-79.01,30.17
31.53,-78.99,30.15
31.53,-78.97,30.11
31.53,-78.95,30.13
31.53,-78.93,30.16
31.53,-78.91,30.24
31.53,-78.89,30.2
31.53,-78.87,30.15
31.53,-78.85,30.14
31.53,-78.83,30.13
31.53,-78.81,30.2
31.53,-78.79,30.19
31.53,-78.77,30.2
31.53,-78.75,30.14
31.53,-78.73,30.16
31.53,-78.71,30.15
31.53,-78.69,30.11
31.53,-78.67,30.06
31.53,-78.65,30.06
31.53,-78.63,30.08
31.53,-78.61,30.09
31.53,-78.59,30.15
31.53,-78.57,30.24
31.53,-78.55,30.26
31.53,-78.53,30.29
31.53,-78.51,30.26
31.53,-78.49,30.19
31.53,-78.47,30.12
31.53,-78.45,30.09
31.53,-78.43,30.18
31.53,-78.41,30.24
31.53,-78.39,30.32
31.53,-78.37,30.3
31.53,-78.35,30.18
31.53,-78.33,30.1
31.53,-78.31,30.01
31.53,-78.29,29.87
31.53,-78.27,29.75
31.53,-78.25,29.72
31.53,-78.23,29.79
31.53,-78.21,29.84
31.53,-78.19,29.81
31.53,-78.17,29.86
31.53,-78.15,29.89
31.53,-78.13,29.84
31.53,-78.11,29.87
31.53,-78.09,29.91
31.53,-78.07,29.86
31.53,-78.05,29.81
31.53,-78.03,29.76
31.53,-78.01,29.73
31.53,-77.99,29.71
31.53,-77.97,29.75
31.53,-77.95,29.75
31.53,-77.93,29.75
31.53,-77.91,29.77
31.53,-77.89,29.76
31.53,-77.87,29.73
31.53,-77.85,29.76
31.53,-77.83,29.76
31.53,-77.81,29.77
31.53,-77.79,29.79
31.53,-77.77,29.81
31.53,-77.75,29.81
31.53,-77.73,29.77
31.53,-77.71,29.72
31.53,-77.69,29.74
31.53,-77.67,29.77
31.53,-77.65,29.73
31.53,-77.63,29.66
31.53,-77.61,29.69
31.53,-77.59,29.75
31.53,-77.57,29.74
31.53,-77.55,29.75
31.53,-77.53,29.79
31.53,-77.51,29.8
31.53,-77.49,29.86
31.53,-77.47,29.85
31.53,-77.45,29.84
31.53,-77.43,29.89
31.53,-77.41,29.94
31.53,-77.39,29.93
31.53,-77.37,29.86
31.53,-77.35,29.86
31.53,-77.33,29.87
31.53,-77.31,29.86
31.53,-77.29,29.76
31.53,-77.27,29.76
31.53,-77.25,29.73
31.53,-77.23,29.68
31.53,-77.21,29.65
31.53,-77.19,29.66
31.53,-77.17,29.76
31.53,-77.15,29.74
31.53,-77.13,29.74
31.53,-77.11,29.69
31.53,-77.09,29.64
31.53,-77.07,29.64
31.53,-77.05,29.64
31.53,-77.03,29.63
31.53,-77.01,29.62
31.53,-76.99,29.64
31.53,-76.97,29.61
31.53,-76.95,29.57
31.53,-76.93,29.57
31.53,-76.91,29.61
31.53,-76.89,29.6
31.53,-76.87,29.58
31.53,-76.85,29.58
31.53,-76.83,29.57
31.53,-76.81,29.63
31.53,-76.79,29.74
31.53,-76.77,29.78
31.53,-76.75,29.71
31.53,-76.73,29.75
31.53,-76.71,29.73
31.53,-76.69,29.67
31.53,-76.67,29.64
31.53,-76.65,29.65
31.53,-76.63,29.75
31.53,-76.61,29.76
31.53,-76.59,29.75
31.53,-76.57,29.77
31.53,-76.55,29.78
31.53,-76.53,29.78
31.53,-76.51,29.76
31.53,-76.49,29.75
31.53,-76.47,29.72
31.53,-76.45,29.72
31.53,-76.43,29.69
31.53,-76.41,29.89
31.53,-76.39,29.96
31.53,-76.37,30.01
31.53,-76.35,30.08
31.53,-76.33,30.18
31.53,-76.31,29.99
31.53,-76.29,30.1
31.53,-76.27,30.17
31.53,-76.25,30.13
31.53,-76.23,30.03
31.53,-76.21,29.78
31.53,-76.19,29.84
31.53,-76.17,29.8
31.53,-76.15,29.81
31.53,-76.13,30.05
31.53,-76.11,30.26
31.53,-76.09,30.06
31.53,-76.07,29.98
31.53,-76.05,30.08
31.53,-76.03,30.27
31.53,-76.01,29.89
31.53,-75.99,29.89
31.53,-75.97,29.84
31.53,-75.95,29.73
31.53,-75.93,29.67
31.53,-75.91,29.62
31.53,-75.65,29.63
31.51,-80.37,28.13
31.51,-80.35,28.46
31.51,-80.33,28.95
31.51,-80.31,29.2
31.51,-80.29,29.15
31.51,-80.27,29.13
31.51,-80.25,29.11
31.51,-80.23,29.06
31.51,-80.21,29.1
31.51,-80.19,29.14
31.51,-80.17,29.15
31.51,-80.15,29.16
31.51,-80.13,29.07
31.51,-80.11,29.05
31.51,-80.09,29.08
31.51,-80.07,29.09
31.51,-80.05,29.05
31.51,-80.03,29.02
31.51,-80.01,29.03
31.51,-79.99,29.09
31.51,-79.97,29.1
31.51,-79.95,29.17
31.51,-79.93,29.24
31.51,-79.91,29.37
31.51,-79.89,29.4
31.51,-79.87,29.48
31.51,-79.85,29.56
31.51,-79.83,29.61
31.51,-79.81,29.65
31.51,-79.79,29.64
31.51,-79.77,29.63
31.51,-79.75,29.64
31.51,-79.73,29.74
31.51,-79.71,30.01
31.51,-79.69,30.37
31.51,-79.67,30.47
31.51,-79.65,30.58
31.51,-79.63,30.56
31.51,-79.61,30.55
31.51,-79.59,30.63
31.51,-79.57,30.69
31.51,-79.55,30.74
31.51,-79.53,30.77
31.51,-79.51,30.78
31.51,-79.49,30.79
31.51,-79.47,30.75
31.51,-79.45,30.65
31.51,-79.43,30.63
31.51,-79.41,30.53
31.51,-79.39,30.48
31.51,-79.37,30.45
31.51,-79.35,30.37
31.51,-79.33,30.27
31.51,-79.31,30.24
31.51,-79.29,30.21
31.51,-79.27,30.22
31.51,-79.25,30.18
31.51,-79.23,30.2
31.51,-79.21,30.23
31.51,-79.19,30.16
31.51,-79.17,30.07
31.51,-79.15,30.07
31.51,-79.13,30.12
31.51,-79.11,30.16
31.51,-79.09,30.22
31.51,-79.07,30.23
31.51,-79.05,30.21
31.51,-79.03,30.19
31.51,-79.01,30.15
31.51,-78.99,30.1
31.51,-78.97,30.07
31.51,-78.95,30.07
31.51,-78.93,30.18
31.51,-78.91,30.2
31.51,-78.89,30.2
31.51,-78.87,30.16
31.51,-78.85,30.14
31.51,-78.83,30.19
31.51,-78.81,30.19
31.51,-78.79,30.12
31.51,-78.77,30.17
31.51,-78.75,30.2
31.51,-78.73,30.21
31.51,-78.71,30.15
31.51,-78.69,30.14
31.51,-78.67,30.06
31.51,-78.65,30.04
31.51,-78.63,30.06
31.51,-78.61,30.19
31.51,-78.59,30.23
31.51,-78.57,30.23
31.51,-78.55,30.18
31.51,-78.53,30.22
31.51,-78.51,30.18
31.51,-78.49,30.15
31.51,-78.47,30.13
31.51,-78.45,30.16
31.51,-78.43,30.21
31.51,-78.41,30.24
31.51,-78.39,30.27
31.51,-78.37,30.24
31.51,-78.35,30.18
31.51,-78.33,30.09
31.51,-78.31,29.88
31.51,-78.29,29.69
31.51,-78.27,29.72
31.51,-78.25,29.79
31.51,-78.23,29.85
31.51,-78.21,29.85
31.51,-78.19,29.86
31.51,-78.17,29.87
31.51,-78.15,29.8
31.51,-78.13,29.78
31.51,-78.11,29.86
31.51,-78.09,29.92
31.51,-78.07,29.79
31.51,-78.05,29.76
31.51,-78.03,29.72
31.51,-78.01,29.73
31.51,-77.99,29.74
31.51,-77.97,29.74
31.51,-77.95,29.71
31.51,-77.93,29.71
31.51,-77.91,29.73
31.51,-77.89,29.75
31.51,-77.87,29.74
31.51,-77.85,29.72
31.51,-77.83,29.75
31.51,-77.81,29.81
31.51,-77.79,29.83
31.51,-77.77,29.75
31.51,-77.75,29.69
31.51,-77.73,29.62
31.51,-77.71,29.73
31.51,-77.69,29.74
31.51,-77.67,29.7
31.51,-77.65,29.69
31.51,-77.63,29.69
31.51,-77.61,29.71
31.51,-77.59,29.68
31.51,-77.57,29.72
31.51,-77.55,29.92
31.51,-77.53,29.86
31.51,-77.51,29.87
31.51,-77.49,29.87
31.51,-77.47,29.84
31.51,-77.45,29.87
31.51,-77.43,29.94
31.51,-77.41,29.93
31.51,-77.39,29.89
31.51,-77.37,29.86
31.51,-77.35,29.87
31.51,-77.33,29.85
31.51,-77.31,29.79
31.51,-77.29,29.74
31.51,-77.27,29.77
31.51,-77.25,29.7
31.51,-77.23,29.67
31.51,-77.21,29.68
31.51,-77.19,29.64
31.51,-77.17,29.6
31.51,-77.15,29.67
31.51,-77.13,29.69
31.51,-77.11,29.68
31.51,-77.09,29.66
31.51,-77.07,29.7
31.51,-77.05,29.68
31.51,-77.03,29.66
31.51,-77.01,29.63
31.51,-76.99,29.61
31.51,-76.97,29.61
31.51,-76.95,29.64
31.51,-76.93,29.68
31.51,-76.91,29.67
31.51,-76.89,29.67
31.51,-76.87,29.64
31.51,-76.85,29.62
31.51,-76.83,29.61
31.51,-76.81,29.67
31.51,-76.79,29.71
31.51,-76.77,29.74
31.51,-76.75,29.78
31.51,-76.73,29.85
31.51,-76.71,29.84
31.51,-76.69,29.71
31.51,-76.67,29.68
31.51,-76.65,29.72
31.51,-76.63,29.77
31.51,-76.61,29.77
31.51,-76.59,29.7
31.51,-76.57,29.71
31.51,-76.55,29.72
31.51,-76.53,29.76
31.51,-76.51,29.73
31.51,-76.49,29.64
31.51,-76.47,29.66
31.51,-76.45,29.73
31.51,-76.43,29.8
31.51,-76.41,29.91
31.51,-76.39,30.05
31.51,-76.37,30.07
31.51,-76.35,30.23
31.51,-76.33,30.29
31.51,-76.31,30.28
31.51,-76.29,30.26
31.51,-76.27,30.32
31.51,-76.25,30.11
31.51,-76.23,29.92
31.51,-76.21,29.8
31.51,-76.19,29.76
31.51,-76.17,29.77
31.51,-76.15,29.86
31.51,-76.13,30.01
31.51,-76.11,30.12
31.51,-76.09,30.11
31.51,-76.07,30.11
31.51,-76.05,30.08
31.51,-76.03,30.01
31.51,-76.01,29.87
31.51,-75.99,29.81
31.51,-75.97,29.79
31.51,-75.95,29.72
31.51,-75.93,29.66
31.51,-75.91,29.58
31.49,-80.35,28.53
31.49,-80.33,28.73
31.49,-80.31,29.06
31.49,-80.29,29.05
31.49,-80.27,29.05
31.49,-80.25,29.06
31.49,-80.23,29.08
31.49,-80.21,29.11
31.49,-80.19,29.09
31.49,-80.17,29.05
31.49,-80.15,29.08
31.49,-80.13,29.03
31.49,-80.11,29.05
31.49,-80.09,29.05
31.49,-80.07,29.02
31.49,-80.05,29.01
31.49,-80.03,29.02
31.49,-80.01,29.11
31.49,-79.99,29.12
31.49,-79.97,29.12
31.49,-79.95,29.25
31.49,-79.93,29.35
31.49,-79.91,29.42
31.49,-79.89,29.49
31.49,-79.87,29.63
31.49,-79.85,29.68
31.49,-79.83,29.63
31.49,-79.81,29.68
31.49,-79.79,29.63
31.49,-79.77,29.6
31.49,-79.75,29.98
31.49,-79.73,30.29
31.49,-79.71,30.43
31.49,-79.69,30.44
31.49,-79.67,30.51
31.49,-79.65,30.51
31.49,-79.63,30.58
31.49,-79.61,30.63
31.49,-79.59,30.76
31.49,-79.57,30.78
31.49,-79.55,30.71
31.49,-79.53,30.72
31.49,-79.51,30.72
31.49,-79.49,30.71
31.49,-79.47,30.69
31.49,-79.45,30.62
31.49,-79.43,30.55
31.49,-79.41,30.41
31.49,-79.39,30.34
31.49,-79.37,30.26
31.49,-79.35,30.22
31.49,-79.33,30.25
31.49,-79.31,30.22
31.49,-79.29,30.22
31.49,-79.27,30.18
31.49,-79.25,30.14
31.49,-79.23,30.12
31.49,-79.21,30.12
31.49,-79.19,30.15
31.49,-79.17,30.17
31.49,-79.15,30.23
31.49,-79.13,30.22
31.49,-79.11,30.22
31.49,-79.09,30.21
31.49,-79.07,30.18
31.49,-79.05,30.16
31.49,-79.03,30.13
31.49,-79.01,30.11
31.49,-78.99,30.08
31.49,-78.97,30.13
31.49,-78.95,30.12
31.49,-78.93,30.12
31.49,-78.91,30.16
31.49,-78.89,30.16
31.49,-78.87,30.21
31.49,-78.85,30.19
31.49,-78.83,30.16
31.49,-78.81,30.13
31.49,-78.79,30.11
31.49,-78.77,30.13
31.49,-78.75,30.14
31.49,-78.73,30.16
31.49,-78.71,30.16
31.49,-78.69,30.13
31.49,-78.67,30.15
31.49,-78.65,30.14
31.49,-78.63,30.15
31.49,-78.61,30.17
31.49,-78.59,30.16
31.49,-78.57,30.12
31.49,-78.55,30.16
31.49,-78.53,30.23
31.49,-78.51,30.22
31.49,-78.49,30.21
31.49,-78.47,30.21
31.49,-78.45,30.2
31.49,-78.43,30.23
31.49,-78.41,30.3
31.49,-78.39,30.24
31.49,-78.37,30.09
31.49,-78.35,30.02
31.49,-78.33,29.85
31.49,-78.31,29.74
31.49,-78.29,29.76
31.49,-78.27,29.81
31.49,-78.25,29.9
31.49,-78.23,29.86
31.49,-78.21,29.78
31.49,-78.19,29.79
31.49,-78.17,29.82
31.49,-78.15,29.81
31.49,-78.13,29.84
31.49,-78.11,29.91
31.49,-78.09,29.73
31.49,-78.07,29.7
31.49,-78.05,29.71
31.49,-78.03,29.72
31.49,-78.01,29.74
31.49,-77.99,29.73
31.49,-77.97,29.74
31.49,-77.95,29.71
31.49,-77.93,29.75
31.49,-77.91,29.75
31.49,-77.89,29.73
31.49,-77.87,29.71
31.49,-77.85,29.76
31.49,-77.83,29.78
31.49,-77.81,29.77
31.49,-77.79,29.7
31.49,-77.77,29.69
31.49,-77.75,29.64
31.49,-77.73,29.68
31.49,-77.71,29.72
31.49,-77.69,29.71
31.49,-77.67,29.71
31.49,-77.65,29.76
31.49,-77.63,29.75
31.49,-77.61,29.75
31.49,-77.59,29.76
31.49,-77.57,29.96
31.49,-77.55,29.97
31.49,-77.53,29.94
31.49,-77.51,29.9
31.49,-77.49,29.88
31.49,-77.47,29.9
31.49,-77.45,29.92
31.49,-77.43,29.94
31.49,-77.41,29.93
31.49,-77.39,29.87
31.49,-77.37,29.86
31.49,-77.35,29.81
31.49,-77.33,29.79
31.49,-77.31,29.75
31.49,-77.29,29.72
31.49,-77.27,29.76
31.49,-77.25,29.69
31.49,-77.23,29.65
31.49,-77.21,29.65
31.49,-77.19,29.64
31.49,-77.17,29.66
31.49,-77.15,29.63
31.49,-77.13,29.66
31.49,-77.11,29.69
31.49,-77.09,29.7
31.49,-77.07,29.74
31.49,-77.05,29.71
31.49,-77.03,29.66
31.49,-77.01,29.64
31.49,-76.99,29.62
31.49,-76.97,29.65
31.49,-76.95,29.74
31.49,-76.93,29.73
31.49,-76.91,29.74
31.49,-76.89,29.74
31.49,-76.87,29.73
31.49,-76.85,29.74
31.49,-76.83,29.77
31.49,-76.81,29.78
31.49,-76.79,29.81
31.49,-76.77,29.76
31.49,-76.75,29.76
31.49,-76.73,29.76
31.49,-76.71,29.75
31.49,-76.69,29.79
31.49,-76.67,29.84
31.49,-76.65,29.83
31.49,-76.63,29.82
31.49,-76.61,29.77
31.49,-76.59,29.74
31.49,-76.57,29.75
31.49,-76.55,29.76
31.49,-76.53,29.76
31.49,-76.51,29.87
31.49,-76.49,29.91
31.49,-76.47,29.82
31.49,-76.45,29.74
31.49,-76.43,29.91
31.49,-76.41,29.97
31.49,-76.39,29.99
31.49,-76.37,30.11
31.49,-76.35,30.19
31.49,-76.33,30.19
31.49,-76.31,30.19
31.49,-76.29,30.2
31.49,-76.27,30.15
31.49,-76.25,30.08
31.49,-76.23,30.02
31.49,-76.21,29.88
31.49,-76.19,29.88
31.49,-76.17,29.87
31.49,-76.15,29.88
31.49,-76.13,29.9
31.49,-76.11,29.93
31.49,-76.09,29.95
31.49,-76.07,30.04
31.49,-76.05,30.01
31.49,-76.03,29.93
31.49,-76.01,29.85
31.49,-75.99,29.83
31.49,-75.97,29.76
31.49,-75.95,29.65
31.47,-80.35,28.33
31.47,-80.33,28.66
31.47,-80.31,28.96
31.47,-80.29,28.92
31.47,-80.27,28.98
31.47,-80.25,29.02
31.47,-80.23,29.01
31.47,-80.21,29.03
31.47,-80.19,29.05
31.47,-80.17,29.08
31.47,-80.15,29.11
31.47,-80.13,29.04
31.47,-80.11,29.02
31.47,-80.09,29.03
31.47,-80.07,29.02
31.47,-80.05,29.07
31.47,-80.03,29.11
31.47,-80.01,29.11
31.47,-79.99,29.19
31.47,-79.97,29.26
31.47,-79.95,29.3
31.47,-79.93,29.42
31.47,-79.91,29.53
31.47,-79.89,29.6
31.47,-79.87,29.65
31.47,-79.85,29.64
31.47,-79.83,29.63
31.47,-79.81,29.71
31.47,-79.79,29.81
31.47,-79.77,29.78
31.47,-79.75,30.32
31.47,-79.73,30.37
31.47,-79.71,30.44
31.47,-79.69,30.44
31.47,-79.67,30.52
31.47,-79.65,30.61
31.47,-79.63,30.71
31.47,-79.61,30.77
31.47,-79.59,30.74
31.47,-79.57,30.72
31.47,-79.55,30.72
31.47,-79.53,30.69
31.47,-79.51,30.69
31.47,-79.49,30.68
31.47,-79.47,30.65
31.47,-79.45,30.5
31.47,-79.43,30.37
31.47,-79.41,30.27
31.47,-79.39,30.2
31.47,-79.37,30.17
31.47,-79.35,30.19
31.47,-79.33,30.25
31.47,-79.31,30.26
31.47,-79.29,30.18
31.47,-79.27,30.11
31.47,-79.25,30.07
31.47,-79.23,30.05
31.47,-79.21,30.07
31.47,-79.19,30.09
31.47,-79.17,30.11
31.47,-79.15,30.11
31.47,-79.13,30.17
31.47,-79.11,30.21
31.47,-79.09,30.19
31.47,-79.07,30.12
31.47,-79.05,30.1
31.47,-79.03,30.12
31.47,-79.01,30.14
31.47,-78.99,30.14
31.47,-78.97,30.15
31.47,-78.95,30.12
31.47,-78.93,30.12
31.47,-78.91,30.11
31.47,-78.89,30.08
31.47,-78.87,30.11
31.47,-78.85,30.11
31.47,-78.83,30.13
31.47,-78.81,30.14
31.47,-78.79,30.12
31.47,-78.77,30.1
31.47,-78.75,30.13
31.47,-78.73,30.14
31.47,-78.71,30.18
31.47,-78.69,30.24
31.47,-78.67,30.23
31.47,-78.65,30.16
31.47,-78.63,30.12
31.47,-78.61,30.13
31.47,-78.59,30.15
31.47,-78.57,30.17
31.47,-78.55,30.3
31.47,-78.53,30.26
31.47,-78.51,30.16
31.47,-78.49,30.17
31.47,-78.47,30.23
31.47,-78.45,30.31
31.47,-78.43,30.28
31.47,-78.41,30.2
31.47,-78.39,30.11
31.47,-78.37,30.04
31.47,-78.35,29.98
31.47,-78.33,29.81
31.47,-78.31,29.8
31.47,-78.29,29.83
31.47,-78.27,29.91
31.47,-78.25,29.9
31.47,-78.23,29.82
31.47,-78.21,29.76
31.47,-78.19,29.77
31.47,-78.17,29.82
31.47,-78.15,29.84
31.47,-78.13,29.83
31.47,-78.11,29.75
31.47,-78.09,29.74
31.47,-78.07,29.76
31.47,-78.05,29.7
31.47,-78.03,29.72
31.47,-78.01,29.72
31.47,-77.99,29.74
31.47,-77.97,29.76
31.47,-77.95,29.73
31.47,-77.93,29.76
31.47,-77.91,29.81
31.47,-77.89,29.77
31.47,-77.87,29.76
31.47,-77.85,29.74
31.47,-77.83,29.7
31.47,-77.81,29.72
31.47,-77.79,29.67
31.47,-77.77,29.66
31.47,-77.75,29.69
31.47,-77.73,29.71
31.47,-77.71,29.71
31.47,-77.69,29.73
31.47,-77.67,29.77
31.47,-77.65,29.74
31.47,-77.63,29.86
31.47,-77.61,29.91
31.47,-77.59,29.9
31.47,-77.57,29.94
31.47,-77.55,29.92
31.47,-77.53,29.91
31.47,-77.51,29.94
31.47,-77.49,29.94
31.47,-77.47,29.9
31.47,-77.45,29.89
31.47,-77.43,29.9
31.47,-77.41,29.85
31.47,-77.39,29.84
31.47,-77.37,29.81
31.47,-77.35,29.79
31.47,-77.33,29.77
31.47,-77.31,29.78
31.47,-77.29,29.75
31.47,-77.27,29.71
31.47,-77.25,29.61
31.47,-77.23,29.56
31.47,-77.21,29.61
31.47,-77.19,29.63
31.47,-77.17,29.64
31.47,-77.15,29.68
31.47,-77.13,29.68
31.47,-77.11,29.7
31.47,-77.09,29.71
31.47,-77.07,29.73
31.47,-77.05,29.7
31.47,-77.03,29.7
31.47,-77.01,29.67
31.47,-76.99,29.62
31.47,-76.97,29.65
31.47,-76.95,29.77
31.47,-76.93,29.83
31.47,-76.91,29.8
31.47,-76.89,29.74
31.47,-76.87,29.76
31.47,-76.85,29.79
31.47,-76.83,29.84
31.47,-76.81,29.82
31.47,-76.79,29.82
31.47,-76.77,29.8
31.47,-76.75,29.77
31.47,-76.73,29.76
31.47,-76.71,29.8
31.47,-76.69,29.85
31.47,-76.67,29.89
31.47,-76.65,29.86
31.47,-76.63,29.81
31.47,-76.61,29.79
31.47,-76.59,29.81
31.47,-76.57,29.9
31.47,-76.55,29.86
31.47,-76.53,29.81
31.47,-76.51,29.85
31.47,-76.49,29.87
31.47,-76.47,29.9
31.47,-76.45,29.9
31.47,-76.43,29.86
31.47,-76.41,30.04
31.47,-76.39,30.06
31.47,-76.37,30.12
31.47,-76.35,30.14
31.47,-76.33,30.09
31.47,-76.31,30.02
31.47,-76.29,30.02
31.47,-76.27,30.13
31.47,-76.25,30.13
31.47,-76.23,30.04
31.47,-76.21,29.97
31.47,-76.19,29.92
31.47,-76.17,29.86
31.47,-76.15,29.88
31.47,-76.13,29.84
31.47,-76.11,29.85
31.47,-76.09,29.89
31.47,-76.07,29.9
31.47,-76.05,29.88
31.47,-76.03,29.89
31.47,-76.01,29.87
31.47,-75.99,29.8
31.47,-75.97,29.72
31.47,-75.95,29.64
31.45,-80.35,28.28
31.45,-80.33,28.63
31.45,-80.31,28.88
31.45,-80.29,28.92
31.45,-80.27,28.91
31.45,-80.25,28.89
31.45,-80.23,28.97
31.45,-80.21,29.05
31.45,-80.19,29.12
31.45,-80.17,29.12
31.45,-80.15,29.11
31.45,-80.13,29.05
31.45,-80.11,29.06
31.45,-80.09,29.08
31.45,-80.07,29.11
31.45,-80.05,29.11
31.45,-80.03,29.15
31.45,-80.01,29.2
31.45,-79.99,29.26
31.45,-79.97,29.36
31.45,-79.95,29.47
31.45,-79.93,29.56
31.45,-79.91,29.6
31.45,-79.89,29.65
31.45,-79.87,29.67
31.45,-79.85,29.66
31.45,-79.83,29.7
31.45,-79.81,29.78
31.45,-79.79,29.82
31.45,-79.77,30.13
31.45,-79.75,30.46
31.45,-79.73,30.45
31.45,-79.71,30.43
31.45,-79.69,30.54
31.45,-79.67,30.64
31.45,-79.65,30.7
31.45,-79.63,30.69
31.45,-79.61,30.7
31.45,-79.59,30.69
31.45,-79.57,30.7
31.45,-79.55,30.7
31.45,-79.53,30.66
31.45,-79.51,30.63
31.45,-79.49,30.56
31.45,-79.47,30.47
31.45,-79.45,30.32
31.45,-79.43,30.26
31.45,-79.41,30.21
31.45,-79.39,30.18
31.45,-79.37,30.19
31.45,-79.35,30.19
31.45,-79.33,30.19
31.45,-79.31,30.19
31.45,-79.29,30.07
31.45,-79.27,30.04
31.45,-79.25,30.04
31.45,-79.23,30.07
31.45,-79.21,30.08
31.45,-79.19,30.08
31.45,-79.17,30.1
31.45,-79.15,30.1
31.45,-79.13,30.13
31.45,-79.11,30.12
31.45,-79.09,30.16
31.45,-79.07,30.15
31.45,-79.05,30.15
31.45,-79.03,30.14
31.45,-79.01,30.11
31.45,-78.99,30.11
31.45,-78.97,30.08
31.45,-78.95,30.1
31.45,-78.93,30.06
31.45,-78.91,30.05
31.45,-78.89,30.11
31.45,-78.87,30.17
31.45,-78.85,30.14
31.45,-78.83,30.09
31.45,-78.81,30.06
31.45,-78.79,30.08
31.45,-78.77,30.12
31.45,-78.75,30.15
31.45,-78.73,30.22
31.45,-78.71,30.24
31.45,-78.69,30.2
31.45,-78.67,30.15
31.45,-78.65,30.13
31.45,-78.63,30.1
31.45,-78.61,30.19
31.45,-78.59,30.22
31.45,-78.57,30.28
31.45,-78.55,30.3
31.45,-78.53,30.21
31.45,-78.51,30.2
31.45,-78.49,30.25
31.45,-78.47,30.29
31.45,-78.45,30.24
31.45,-78.43,30.13
31.45,-78.41,30.03
31.45,-78.39,29.9
31.45,-78.37,29.96
31.45,-78.35,29.9
31.45,-78.33,29.83
31.45,-78.31,29.92
31.45,-78.29,29.93
31.45,-78.27,29.93
31.45,-78.25,29.91
31.45,-78.23,29.81
31.45,-78.21,29.8
31.45,-78.19,29.84
31.45,-78.17,29.85
31.45,-78.15,29.81
31.45,-78.13,29.74
31.45,-78.11,29.78
31.45,-78.09,29.84
31.45,-78.07,29.77
31.45,-78.05,29.64
31.45,-78.03,29.66
31.45,-78.01,29.7
31.45,-77.99,29.75
31.45,-77.97,29.78
31.45,-77.95,29.8
31.45,-77.93,29.82
31.45,-77.91,29.8
31.45,-77.89,29.72
31.45,-77.87,29.68
31.45,-77.85,29.68
31.45,-77.83,29.68
31.45,-77.81,29.69
31.45,-77.79,29.69
31.45,-77.77,29.7
31.45,-77.75,29.73
31.45,-77.73,29.74
31.45,-77.71,29.74
31.45,-77.69,29.79
31.45,-77.67,29.83
31.45,-77.65,29.88
31.45,-77.63,29.89
31.45,-77.61,29.9
31.45,-77.59,29.84
31.45,-77.57,29.87
31.45,-77.55,29.95
31.45,-77.53,29.94
31.45,-77.51,29.94
31.45,-77.49,29.94
31.45,-77.47,29.84
31.45,-77.45,29.82
31.45,-77.43,29.8
31.45,-77.41,29.82
31.45,-77.39,29.83
31.45,-77.37,29.71
31.45,-77.35,29.79
31.45,-77.33,29.73
31.45,-77.31,29.8
31.45,-77.29,29.71
31.45,-77.27,29.64
31.45,-77.25,29.63
31.45,-77.23,29.61
31.45,-77.21,29.66
31.45,-77.19,29.68
31.45,-77.17,29.66
31.45,-77.15,29.74
31.45,-77.13,29.74
31.45,-77.11,29.72
31.45,-77.09,29.73
31.45,-77.07,29.74
31.45,-77.05,29.68
31.45,-77.03,29.7
31.45,-77.01,29.71
31.45,-76.99,29.69
31.45,-76.97,29.74
31.45,-76.95,29.8
31.45,-76.93,29.87
31.45,-76.91,29.86
31.45,-76.89,29.73
31.45,-76.87,29.79
31.45,-76.85,29.83
31.45,-76.83,29.85
31.45,-76.81,29.84
31.45,-76.79,29.85
31.45,-76.77,29.8
31.45,-76.75,29.75
31.45,-76.73,29.75
31.45,-76.71,29.74
31.45,-76.69,29.79
31.45,-76.67,29.84
31.45,-76.65,29.86
31.45,-76.63,29.87
31.45,-76.61,29.89
31.45,-76.59,29.97
31.45,-76.57,29.96
31.45,-76.55,29.91
31.45,-76.53,29.84
31.45,-76.51,29.9
31.45,-76.49,29.92
31.45,-76.47,29.86
31.45,-76.45,29.94
31.45,-76.43,30.01
31.45,-76.41,30.01
31.45,-76.39,30.03
31.45,-76.37,30.1
31.45,-76.35,30.14
31.45,-76.33,30.15
31.45,-76.31,30.16
31.45,-76.29,30.16
31.45,-76.27,29.97
31.45,-76.25,29.71
31.45,-76.23,29.94
31.45,-76.21,29.93
31.45,-76.19,29.9
31.45,-76.17,29.87
31.45,-76.15,29.9
31.45,-76.13,29.87
31.45,-76.11,29.86
31.45,-76.09,29.88
31.45,-76.07,29.87
31.45,-76.05,29.81
31.45,-76.03,29.83
31.45,-76.01,29.76
31.45,-75.99,29.73
31.45,-75.97,29.69
31.43,-80.35,28.27
31.43,-80.33,28.64
31.43,-80.31,28.79
31.43,-80.29,28.88
31.43,-80.27,28.9
31.43,-80.25,28.9
31.43,-80.23,28.99
31.43,-80.21,29.05
31.43,-80.19,29.07
31.43,-80.17,29.07
31.43,-80.15,29.08
31.43,-80.13,29.06
31.43,-80.11,29.11
31.43,-80.09,29.11
31.43,-80.07,29.12
31.43,-80.05,29.17
31.43,-80.03,29.24
31.43,-80.01,29.35
31.43,-79.99,29.4
31.43,-79.97,29.47
31.43,-79.95,29.55
31.43,-79.93,29.63
31.43,-79.91,29.71
31.43,-79.89,29.7
31.43,-79.87,29.73
31.43,-79.85,29.66
31.43,-79.83,29.67
31.43,-79.81,29.73
31.43,-79.79,30.09
31.43,-79.77,30.34
31.43,-79.75,30.33
31.43,-79.73,30.59
31.43,-79.71,30.64
31.43,-79.69,30.6
31.43,-79.67,30.57
31.43,-79.65,30.58
31.43,-79.63,30.64
31.43,-79.61,30.63
31.43,-79.59,30.67
31.43,-79.57,30.66
31.43,-79.55,30.62
31.43,-79.53,30.6
31.43,-79.51,30.59
31.43,-79.49,30.54
31.43,-79.47,30.37
31.43,-79.45,30.26
31.43,-79.43,30.22
31.43,-79.41,30.17
31.43,-79.39,30.15
31.43,-79.37,30.15
31.43,-79.35,30.17
31.43,-79.33,30.12
31.43,-79.31,30.05
31.43,-79.29,30.01
31.43,-79.27,30.03
31.43,-79.25,30.03
31.43,-79.23,30.08
31.43,-79.21,30.11
31.43,-79.19,30.08
31.43,-79.17,30.09
31.43,-79.15,30.08
31.43,-79.13,30.15
31.43,-79.11,30.18
31.43,-79.09,30.19
31.43,-79.07,30.12
31.43,-79.05,30.1
31.43,-79.03,30.09
31.43,-79.01,30.09
31.43,-78.99,30.11
31.43,-78.97,30.08
31.43,-78.95,30.02
31.43,-78.93,29.95
31.43,-78.91,30.01
31.43,-78.89,30.13
31.43,-78.87,30.16
31.43,-78.85,30.09
31.43,-78.83,30.06
31.43,-78.81,30.12
31.43,-78.79,30.16
31.43,-78.77,30.17
31.43,-78.75,30.18
31.43,-78.73,30.21
31.43,-78.71,30.2
31.43,-78.69,30.2
31.43,-78.67,30.2
31.43,-78.65,30.17
31.43,-78.63,30.17
31.43,-78.61,30.23
31.43,-78.59,30.23
31.43,-78.57,30.25
31.43,-78.55,30.24
31.43,-78.53,30.21
31.43,-78.51,30.24
31.43,-78.49,30.33
31.43,-78.47,30.28
31.43,-78.45,30.2
31.43,-78.43,30.08
31.43,-78.41,29.85
31.43,-78.39,29.81
31.43,-78.37,29.86
31.43,-78.35,29.88
31.43,-78.33,29.9
31.43,-78.31,29.99
31.43,-78.29,29.99
31.43,-78.27,29.98
31.43,-78.25,29.92
31.43,-78.23,29.86
31.43,-78.21,29.89
31.43,-78.19,29.88
31.43,-78.17,29.89
31.43,-78.15,29.8
31.43,-78.13,29.81
31.43,-78.11,29.85
31.43,-78.09,29.79
31.43,-78.07,29.7
31.43,-78.05,29.65
31.43,-78.03,29.7
31.43,-78.01,29.73
31.43,-77.99,29.75
31.43,-77.97,29.79
31.43,-77.95,29.83
31.43,-77.93,29.76
31.43,-77.91,29.77
31.43,-77.89,29.66
31.43,-77.87,29.66
31.43,-77.85,29.7
31.43,-77.83,29.7
31.43,-77.81,29.71
31.43,-77.79,29.75
31.43,-77.77,29.77
31.43,-77.75,29.78
31.43,-77.73,29.78
31.43,-77.71,29.81
31.43,-77.69,29.85
31.43,-77.67,29.88
31.43,-77.65,29.9
31.43,-77.63,29.87
31.43,-77.61,29.87
31.43,-77.59,29.9
31.43,-77.57,29.89
31.43,-77.55,29.9
31.43,-77.53,29.9
31.43,-77.51,29.92
31.43,-77.49,29.9
31.43,-77.47,29.87
31.43,-77.45,29.84
31.43,-77.43,29.87
31.43,-77.41,29.94
31.43,-77.39,29.79
31.43,-77.37,29.76
31.43,-77.35,29.81
31.43,-77.33,29.8
31.43,-77.31,29.78
31.43,-77.29,29.71
31.43,-77.27,29.68
31.43,-77.25,29.71
31.43,-77.23,29.68
31.43,-77.21,29.66
31.43,-77.19,29.66
31.43,-77.17,29.65
31.43,-77.15,29.68
31.43,-77.13,29.66
31.43,-77.11,29.72
31.43,-77.09,29.71
31.43,-77.07,29.79
31.43,-77.05,29.82
31.43,-77.03,29.8
31.43,-77.01,29.73
31.43,-76.99,29.77
31.43,-76.97,29.79
31.43,-76.95,29.81
31.43,-76.93,29.87
31.43,-76.91,29.89
31.43,-76.89,29.93
31.43,-76.87,29.88
31.43,-76.85,29.86
31.43,-76.83,29.86
31.43,-76.81,29.89
31.43,-76.79,29.87
31.43,-76.77,29.82
31.43,-76.75,29.81
31.43,-76.73,29.74
31.43,-76.71,29.76
31.43,-76.69,29.77
31.43,-76.67,29.79
31.43,-76.65,29.88
31.43,-76.63,29.99
31.43,-76.61,30.01
31.43,-76.59,30.03
31.43,-76.57,30.0
31.43,-76.55,29.98
31.43,-76.53,29.92
31.43,-76.51,29.94
31.43,-76.49,29.99
31.43,-76.47,30.05
31.43,-76.45,29.94
31.43,-76.43,29.97
31.43,-76.41,30.04
31.43,-76.39,30.09
31.43,-76.37,30.08
31.43,-76.35,30.06
31.43,-76.33,30.13
31.43,-76.31,30.13
31.43,-76.29,30.05
31.43,-76.27,29.75
31.43,-76.25,29.72
31.43,-76.23,29.8
31.43,-76.21,29.82
31.43,-76.19,29.86
31.43,-76.17,29.9
31.43,-76.15,29.92
31.43,-76.13,29.89
31.43,-76.11,29.94
31.43,-76.09,29.9
31.43,-76.07,29.83
31.43,-76.05,29.76
31.43,-76.03,29.79
31.43,-76.01,29.74
31.43,-75.85,29.61
31.43,-75.79,29.64
31.41,-80.33,28.79
31.41,-80.31,28.83
31.41,-80.29,28.9
31.41,-80.27,28.93
31.41,-80.25,29.02
31.41,-80.23,28.99
31.41,-80.21,29.02
31.41,-80.19,29.04
31.41,-80.17,29.01
31.41,-80.15,29.03
31.41,-80.13,29.11
31.41,-80.11,29.09
31.41,-80.09,29.13
31.41,-80.07,29.19
31.41,-80.05,29.24
31.41,-80.03,29.35
31.41,-80.01,29.41
31.41,-79.99,29.39
31.41,-79.97,29.54
31.41,-79.95,29.65
31.41,-79.93,29.71
31.41,-79.91,29.73
31.41,-79.89,29.69
31.41,-79.87,29.69
31.41,-79.85,29.59
31.41,-79.83,29.62
31.41,-79.81,30.24
31.41,-79.79,30.44
31.41,-79.77,30.49
31.41,-79.75,30.62
31.41,-79.73,30.59
31.41,-79.71,30.53
31.41,-79.69,30.52
31.41,-79.67,30.55
31.41,-79.65,30.58
31.41,-79.63,30.6
31.41,-79.61,30.61
31.41,-79.59,30.64
31.41,-79.57,30.6
31.41,-79.55,30.55
31.41,-79.53,30.58
31.41,-79.51,30.53
31.41,-79.49,30.48
31.41,-79.47,30.27
31.41,-79.45,30.25
31.41,-79.43,30.21
31.41,-79.41,30.21
31.41,-79.39,30.14
31.41,-79.37,30.12
31.41,-79.35,30.13
31.41,-79.33,30.06
31.41,-79.31,30.02
31.41,-79.29,29.99
31.41,-79.27,29.95
31.41,-79.25,30.03
31.41,-79.23,30.05
31.41,-79.21,30.03
31.41,-79.19,30.04
31.41,-79.17,30.12
31.41,-79.15,30.18
31.41,-79.13,30.21
31.41,-79.11,30.19
31.41,-79.09,30.16
31.41,-79.07,30.1
31.41,-79.05,30.06
31.41,-79.03,30.1
31.41,-79.01,30.15
31.41,-78.99,30.13
31.41,-78.97,30.05
31.41,-78.95,29.99
31.41,-78.93,30.01
31.41,-78.91,30.03
31.41,-78.89,30.01
31.41,-78.87,30.03
31.41,-78.85,30.05
31.41,-78.83,30.11
31.41,-78.81,30.15
31.41,-78.79,30.19
31.41,-78.77,30.18
31.41,-78.75,30.18
31.41,-78.73,30.16
31.41,-78.71,30.18
31.41,-78.69,30.2
31.41,-78.67,30.29
31.41,-78.65,30.26
31.41,-78.63,30.23
31.41,-78.61,30.17
31.41,-78.59,30.18
31.41,-78.57,30.2
31.41,-78.55,30.26
31.41,-78.53,30.34
31.41,-78.51,30.29
31.41,-78.49,30.27
31.41,-78.47,30.18
31.41,-78.45,30.08
31.41,-78.43,29.92
31.41,-78.41,29.84
31.41,-78.39,29.85
31.41,-78.37,29.88
31.41,-78.35,29.9
31.41,-78.33,29.93
31.41,-78.31,30.0
31.41,-78.29,30.0
31.41,-78.27,29.96
31.41,-78.25,29.91
31.41,-78.23,29.88
31.41,-78.21,29.92
31.41,-78.19,29.89
31.41,-78.17,29.84
31.41,-78.15,29.83
31.41,-78.13,29.84
31.41,-78.11,29.82
31.41,-78.09,29.78
31.41,-78.07,29.74
31.41,-78.05,29.71
31.41,-78.03,29.73
31.41,-78.01,29.78
31.41,-77.99,29.76
31.41,-77.97,29.74
31.41,-77.95,29.76
31.41,-77.93,29.73
31.41,-77.91,29.72
31.41,-77.89,29.71
31.41,-77.87,29.68
31.41,-77.85,29.67
31.41,-77.83,29.72
31.41,-77.81,29.76
31.41,-77.79,29.78
31.41,-77.77,29.79
31.41,-77.75,29.82
31.41,-77.73,29.83
31.41,-77.71,29.83
31.41,-77.69,29.91
31.41,-77.67,29.92
31.41,-77.65,29.88
31.41,-77.63,29.84
31.41,-77.61,29.84
31.41,-77.59,29.89
31.41,-77.57,29.87
31.41,-77.55,29.92
31.41,-77.53,29.95
31.41,-77.51,29.94
31.41,-77.49,29.89
31.41,-77.47,29.88
31.41,-77.45,29.88
31.41,-77.43,29.86
31.41,-77.41,29.9
31.41,-77.39,29.97
31.41,-77.37,29.99
31.41,-77.35,29.84
31.41,-77.33,29.72
31.41,-77.31,29.63
31.41,-77.29,29.69
31.41,-77.27,29.74
31.41,-77.25,29.77
31.41,-77.23,29.75
31.41,-77.21,29.71
31.41,-77.19,29.66
31.41,-77.17,29.65
31.41,-77.15,29.69
31.41,-77.13,29.8
31.41,-77.11,29.79
31.41,-77.09,29.88
31.41,-77.07,29.92
31.41,-77.05,29.92
31.41,-77.03,29.89
31.41,-77.01,29.83
31.41,-76.99,29.81
31.41,-76.97,29.82
31.41,-76.95,29.88
31.41,-76.93,29.89
31.41,-76.91,29.82
31.41,-76.89,29.88
31.41,-76.87,29.91
31.41,-76.85,29.92
31.41,-76.83,29.88
31.41,-76.81,29.85
31.41,-76.79,29.83
31.41,-76.77,29.82
31.41,-76.75,29.85
31.41,-76.73,29.81
31.41,-76.71,29.78
31.41,-76.69,29.78
31.41,-76.67,29.83
31.41,-76.65,29.92
31.41,-76.63,29.97
31.41,-76.61,29.96
31.41,-76.59,30.0
31.41,-76.57,30.06
31.41,-76.55,30.09
31.41,-76.53,30.03
31.41,-76.51,30.01
31.41,-76.49,30.03
31.41,-76.47,30.1
31.41,-76.45,30.18
31.41,-76.43,30.26
31.41,-76.41,30.4
31.41,-76.39,30.3
31.41,-76.37,30.2
31.41,-76.35,30.25
31.41,-76.33,30.26
31.41,-76.31,30.08
31.41,-76.29,30.07
31.41,-76.27,30.03
31.41,-76.25,29.67
31.41,-76.23,29.68
31.41,-76.21,29.79
31.41,-76.19,29.89
31.41,-76.17,29.97
31.41,-76.15,29.98
31.41,-76.13,29.98
31.41,-76.11,29.99
31.41,-76.09,29.87
31.41,-76.07,29.91
31.41,-76.05,29.95
31.41,-76.03,29.81
31.41,-76.01,29.75
31.39,-80.33,28.78
31.39,-80.31,28.81
31.39,-80.29,28.93
31.39,-80.27,28.97
31.39,-80.25,29.01
31.39,-80.23,29.0
31.39,-80.21,29.01
31.39,-80.19,29.03
31.39,-80.17,29.02
31.39,-80.15,29.02
31.39,-80.13,29.06
31.39,-80.11,29.13
31.39,-80.09,29.2
31.39,-80.07,29.25
31.39,-80.05,29.27
31.39,-80.03,29.34
31.39,-80.01,29.38
31.39,-79.99,29.54
31.39,-79.97,29.63
31.39,-79.95,29.69
31.39,-79.93,29.7
31.39,-79.91,29.59
31.39,-79.89,29.51
31.39,-79.87,29.56
31.39,-79.85,29.65
31.39,-79.83,30.32
31.39,-79.81,30.64
31.39,-79.79,30.62
31.39,-79.77,30.57
31.39,-79.75,30.52
31.39,-79.73,30.53
31.39,-79.71,30.54
31.39,-79.69,30.57
31.39,-79.67,30.57
31.39,-79.65,30.55
31.39,-79.63,30.59
31.39,-79.61,30.62
31.39,-79.59,30.58
31.39,-79.57,30.54
31.39,-79.55,30.51
31.39,-79.53,30.48
31.39,-79.51,30.38
31.39,-79.49,30.36
31.39,-79.47,30.32
31.39,-79.45,30.26
31.39,-79.43,30.19
31.39,-79.41,30.17
31.39,-79.39,30.15
31.39,-79.37,30.15
31.39,-79.35,30.16
31.39,-79.33,30.06
31.39,-79.31,29.97
31.39,-79.29,29.89
31.39,-79.27,29.96
31.39,-79.25,30.03
31.39,-79.23,30.06
31.39,-79.21,30.07
31.39,-79.19,30.1
31.39,-79.17,30.16
31.39,-79.15,30.19
31.39,-79.13,30.18
31.39,-79.11,30.11
31.39,-79.09,30.08
31.39,-79.07,30.05
31.39,-79.05,30.07
31.39,-79.03,30.14
31.39,-79.01,30.14
31.39,-78.99,30.1
31.39,-78.97,30.07
31.39,-78.95,30.11
31.39,-78.93,30.13
31.39,-78.91,30.04
31.39,-78.89,30.01
31.39,-78.87,30.07
31.39,-78.85,30.13
31.39,-78.83,30.17
31.39,-78.81,30.13
31.39,-78.79,30.15
31.39,-78.77,30.16
31.39,-78.75,30.15
31.39,-78.73,30.19
31.39,-78.71,30.23
31.39,-78.69,30.22
31.39,-78.67,30.23
31.39,-78.65,30.18
31.39,-78.63,30.16
31.39,-78.61,30.2
31.39,-78.59,30.3
31.39,-78.57,30.36
31.39,-78.55,30.37
31.39,-78.53,30.33
31.39,-78.51,30.24
31.39,-78.49,30.16
31.39,-78.47,29.97
31.39,-78.45,29.91
31.39,-78.43,29.9
31.39,-78.41,29.88
31.39,-78.39,29.92
31.39,-78.37,29.9
31.39,-78.35,29.92
31.39,-78.33,29.97
31.39,-78.31,29.99
31.39,-78.29,29.99
31.39,-78.27,29.89
31.39,-78.25,29.86
31.39,-78.23,29.9
31.39,-78.21,29.87
31.39,-78.19,29.86
31.39,-78.17,29.79
31.39,-78.15,29.78
31.39,-78.13,29.82
31.39,-78.11,29.83
31.39,-78.09,29.73
31.39,-78.07,29.76
31.39,-78.05,29.75
31.39,-78.03,29.77
31.39,-78.01,29.8
31.39,-77.99,29.8
31.39,-77.97,29.7
31.39,-77.95,29.78
31.39,-77.93,29.72
31.39,-77.91,29.67
31.39,-77.89,29.64
31.39,-77.87,29.66
31.39,-77.85,29.71
31.39,-77.83,29.74
31.39,-77.81,29.77
31.39,-77.79,29.81
31.39,-77.77,29.8
31.39,-77.75,29.81
31.39,-77.73,29.84
31.39,-77.71,29.87
31.39,-77.69,29.91
31.39,-77.67,29.88
31.39,-77.65,29.83
31.39,-77.63,29.86
31.39,-77.61,29.89
31.39,-77.59,29.87
31.39,-77.57,29.9
31.39,-77.55,29.94
31.39,-77.53,29.95
31.39,-77.51,29.96
31.39,-77.49,29.91
31.39,-77.47,29.86
31.39,-77.45,29.89
31.39,-77.43,29.88
31.39,-77.41,29.79
31.39,-77.39,29.85
31.39,-77.37,29.86
31.39,-77.35,29.85
31.39,-77.33,29.73
31.39,-77.31,29.75
31.39,-77.29,29.76
31.39,-77.27,29.77
31.39,-77.25,29.78
31.39,-77.23,29.73
31.39,-77.21,29.73
31.39,-77.19,29.65
31.39,-77.17,29.74
31.39,-77.15,29.87
31.39,-77.13,29.91
31.39,-77.11,29.79
31.39,-77.09,29.98
31.39,-77.07,29.96
31.39,-77.05,29.91
31.39,-77.03,29.87
31.39,-77.01,29.88
31.39,-76.99,29.87
31.39,-76.97,29.88
31.39,-76.95,29.87
31.39,-76.93,29.89
31.39,-76.91,29.88
31.39,-76.89,29.91
31.39,-76.87,29.93
31.39,-76.85,29.93
31.39,-76.83,29.92
31.39,-76.81,29.92
31.39,-76.79,29.95
31.39,-76.77,29.88
31.39,-76.75,29.86
31.39,-76.73,29.9
31.39,-76.71,29.89
31.39,-76.69,29.89
31.39,-76.67,29.94
31.39,-76.65,29.96
31.39,-76.63,29.95
31.39,-76.61,29.98
31.39,-76.59,30.03
31.39,-76.57,30.05
31.39,-76.55,30.05
31.39,-76.53,30.06
31.39,-76.51,30.07
31.39,-76.49,30.04
31.39,-76.47,30.08
31.39,-76.45,30.13
31.39,-76.43,30.15
31.39,-76.41,30.24
31.39,-76.39,30.29
31.39,-76.37,30.29
31.39,-76.35,30.22
31.39,-76.33,30.14
31.39,-76.31,30.13
31.39,-76.29,30.1
31.39,-76.27,29.88
31.39,-76.25,29.65
31.39,-76.23,29.75
31.39,-76.21,29.82
31.39,-76.19,29.89
31.39,-76.17,29.92
31.39,-76.15,29.9
31.39,-76.13,29.91
31.39,-76.11,29.91
31.39,-76.09,29.9
31.39,-76.07,29.88
31.39,-76.05,29.88
31.39,-76.03,29.85
31.37,-81.23,29.38
31.37,-81.21,29.4
31.37,-80.51,27.89
31.37,-80.35,28.82
31.37,-80.33,28.86
31.37,-80.31,28.98
31.37,-80.29,28.97
31.37,-80.27,28.98
31.37,-80.25,29.0
31.37,-80.23,29.02
31.37,-80.21,29.05
31.37,-80.19,29.04
31.37,-80.17,29.03
31.37,-80.15,29.01
31.37,-80.13,29.12
31.37,-80.11,29.2
31.37,-80.09,29.21
31.37,-80.07,29.24
31.37,-80.05,29.23
31.37,-80.03,29.38
31.37,-80.01,29.55
31.37,-79.99,29.59
31.37,-79.97,29.61
31.37,-79.95,29.58
31.37,-79.93,29.5
31.37,-79.91,29.4
31.37,-79.89,29.37
31.37,-79.87,29.54
31.37,-79.85,30.26
31.37,-79.83,30.44
31.37,-79.81,30.6
31.37,-79.79,30.61
31.37,-79.77,30.5
31.37,-79.75,30.5
31.37,-79.73,30.6
31.37,-79.71,30.57
31.37,-79.69,30.58
31.37,-79.67,30.57
31.37,-79.65,30.56
31.37,-79.63,30.57
31.37,-79.61,30.57
31.37,-79.59,30.53
31.37,-79.57,30.53
31.37,-79.55,30.5
31.37,-79.53,30.44
31.37,-79.51,30.33
31.37,-79.49,30.3
31.37,-79.47,30.19
31.37,-79.45,30.18
31.37,-79.43,30.22
31.37,-79.41,30.16
31.37,-79.39,30.21
31.37,-79.37,30.19
31.37,-79.35,30.04
31.37,-79.33,29.93
31.37,-79.31,29.91
31.37,-79.29,29.96
31.37,-79.27,30.03
31.37,-79.25,30.1
31.37,-79.23,30.09
31.37,-79.21,30.11
31.37,-79.19,30.12
31.37,-79.17,30.16
31.37,-79.15,30.17
31.37,-79.13,30.14
31.37,-79.11,30.11
31.37,-79.09,30.05
31.37,-79.07,30.05
31.37,-79.05,30.1
31.37,-79.03,30.11
31.37,-79.01,30.16
31.37,-78.99,30.16
31.37,-78.97,30.13
31.37,-78.95,30.09
31.37,-78.93,30.08
31.37,-78.91,30.07
31.37,-78.89,30.09
31.37,-78.87,30.13
31.37,-78.85,30.14
31.37,-78.83,30.2
31.37,-78.81,30.21
31.37,-78.79,30.2
31.37,-78.77,30.17
31.37,-78.75,30.19
31.37,-78.73,30.22
31.37,-78.71,30.2
31.37,-78.69,30.21
31.37,-78.67,30.19
31.37,-78.65,30.14
31.37,-78.63,30.18
31.37,-78.61,30.25
31.37,-78.59,30.29
31.37,-78.57,30.31
31.37,-78.55,30.28
31.37,-78.53,30.19
31.37,-78.51,30.12
31.37,-78.49,29.94
31.37,-78.47,29.91
31.37,-78.45,29.89
31.37,-78.43,29.83
31.37,-78.41,29.88
31.37,-78.39,29.9
31.37,-78.37,29.89
31.37,-78.35,29.94
31.37,-78.33,29.98
31.37,-78.31,29.97
31.37,-78.29,29.94
31.37,-78.27,29.91
31.37,-78.25,29.83
31.37,-78.23,29.84
31.37,-78.21,29.85
31.37,-78.19,29.8
31.37,-78.17,29.81
31.37,-78.15,29.86
31.37,-78.13,29.86
31.37,-78.11,29.79
31.37,-78.09,29.71
31.37,-78.07,29.73
31.37,-78.05,29.78
31.37,-78.03,29.77
31.37,-78.01,29.8
31.37,-77.99,29.78
31.37,-77.97,29.72
31.37,-77.95,29.75
31.37,-77.93,29.74
31.37,-77.91,29.67
31.37,-77.89,29.65
31.37,-77.87,29.68
31.37,-77.85,29.73
31.37,-77.83,29.76
31.37,-77.81,29.78
31.37,-77.79,29.83
31.37,-77.77,29.84
31.37,-77.75,29.86
31.37,-77.73,29.88
31.37,-77.71,29.86
31.37,-77.69,29.85
31.37,-77.67,29.84
31.37,-77.65,29.88
31.37,-77.63,29.9
31.37,-77.61,29.86
31.37,-77.59,29.87
31.37,-77.57,29.9
31.37,-77.55,29.91
31.37,-77.53,29.96
31.37,-77.51,29.9
31.37,-77.49,29.9
31.37,-77.47,29.91
31.37,-77.45,29.92
31.37,-77.43,29.91
31.37,-77.41,29.88
31.37,-77.39,29.84
31.37,-77.37,29.79
31.37,-77.35,29.78
31.37,-77.33,29.75
31.37,-77.31,29.77
31.37,-77.29,29.82
31.37,-77.27,29.82
31.37,-77.25,29.74
31.37,-77.23,29.69
31.37,-77.21,29.66
31.37,-77.19,29.75
31.37,-77.17,29.9
31.37,-77.15,29.91
31.37,-77.13,30.01
31.37,-77.11,29.98
31.37,-77.09,30.01
31.37,-77.07,30.02
31.37,-77.05,29.96
31.37,-77.03,29.86
31.37,-77.01,29.88
31.37,-76.99,29.86
31.37,-76.97,29.87
31.37,-76.95,29.9
31.37,-76.93,29.9
31.37,-76.91,29.91
31.37,-76.89,29.93
31.37,-76.87,29.96
31.37,-76.85,29.96
31.37,-76.83,29.92
31.37,-76.81,29.9
31.37,-76.79,29.94
31.37,-76.77,29.97
31.37,-76.75,29.99
31.37,-76.73,29.98
31.37,-76.71,29.95
31.37,-76.69,29.95
31.37,-76.67,30.03
31.37,-76.65,30.02
31.37,-76.63,30.03
31.37,-76.61,30.04
31.37,-76.59,30.07
31.37,-76.57,30.09
31.37,-76.55,30.05
31.37,-76.53,30.01
31.37,-76.51,29.92
31.37,-76.49,29.88
31.37,-76.47,29.92
31.37,-76.45,29.96
31.37,-76.43,30.04
31.37,-76.41,30.09
31.37,-76.39,30.12
31.37,-76.37,30.14
31.37,-76.35,30.15
31.37,-76.33,30.04
31.37,-76.31,29.96
31.37,-76.29,29.8
31.37,-76.27,29.75
31.37,-76.25,29.67
31.37,-76.23,29.74
31.37,-76.21,29.86
31.37,-76.19,29.9
31.37,-76.17,29.91
31.37,-76.15,29.88
31.37,-76.13,29.88
31.37,-76.11,29.84
31.37,-76.09,29.81
31.37,-76.07,29.79
31.37,-76.05,29.85
31.37,-76.03,29.86
31.35,-81.21,29.82
31.35,-81.19,29.46
31.35,-81.17,29.39
31.35,-80.57,28.71
31.35,-80.55,28.66
31.35,-80.51,27.87
31.35,-80.49,27.85
31.35,-80.35,28.99
31.35,-80.33,29.02
31.35,-80.31,29.02
31.35,-80.29,28.99
31.35,-80.27,28.99
31.35,-80.25,29.02
31.35,-80.23,29.01
31.35,-80.21,29.05
31.35,-80.19,29.05
31.35,-80.17,29.07
31.35,-80.15,29.1
31.35,-80.13,29.16
31.35,-80.11,29.16
31.35,-80.09,29.17
31.35,-80.07,29.19
31.35,-80.05,29.29
31.35,-80.03,29.48
31.35,-80.01,29.55
31.35,-79.99,29.53
31.35,-79.97,29.5
31.35,-79.95,29.42
31.35,-79.93,29.42
31.35,-79.91,29.42
31.35,-79.89,29.54
31.35,-79.87,29.64
31.35,-79.85,30.35
31.35,-79.83,30.46
31.35,-79.81,30.49
31.35,-79.79,30.47
31.35,-79.77,30.49
31.35,-79.75,30.54
31.35,-79.73,30.59
31.35,-79.71,30.56
31.35,-79.69,30.57
31.35,-79.67,30.55
31.35,-79.65,30.56
31.35,-79.63,30.54
31.35,-79.61,30.56
31.35,-79.59,30.55
31.35,-79.57,30.55
31.35,-79.55,30.5
31.35,-79.53,30.37
31.35,-79.51,30.29
31.35,-79.49,30.25
31.35,-79.47,30.18
31.35,-79.45,30.18
31.35,-79.43,30.21
31.35,-79.41,30.19
31.35,-79.39,30.19
31.35,-79.37,30.03
31.35,-79.35,29.99
31.35,-79.33,29.96
31.35,-79.31,30.02
31.35,-79.29,30.06
31.35,-79.27,30.07
31.35,-79.25,30.08
31.35,-79.23,30.09
31.35,-79.21,30.12
31.35,-79.19,30.12
31.35,-79.17,30.11
31.35,-79.15,30.1
31.35,-79.13,30.1
31.35,-79.11,30.11
31.35,-79.09,30.19
31.35,-79.07,30.22
31.35,-79.05,30.09
31.35,-79.03,30.1
31.35,-79.01,30.13
31.35,-78.99,30.14
31.35,-78.97,30.08
31.35,-78.95,30.14
31.35,-78.93,30.16
31.35,-78.91,30.17
31.35,-78.89,30.14
31.35,-78.87,30.15
31.35,-78.85,30.21
31.35,-78.83,30.18
31.35,-78.81,30.17
31.35,-78.79,30.19
31.35,-78.77,30.2
31.35,-78.75,30.14
31.35,-78.73,30.15
31.35,-78.71,30.16
31.35,-78.69,30.25
31.35,-78.67,30.27
31.35,-78.65,30.28
31.35,-78.63,30.23
31.35,-78.61,30.19
31.35,-78.59,30.17
31.35,-78.57,30.15
31.35,-78.55,30.16
31.35,-78.53,30.12
31.35,-78.51,30.1
31.35,-78.49,29.96
31.35,-78.47,29.82
31.35,-78.45,29.75
31.35,-78.43,29.85
31.35,-78.41,29.87
31.35,-78.39,29.84
31.35,-78.37,29.91
31.35,-78.35,29.97
31.35,-78.33,29.96
31.35,-78.31,29.9
31.35,-78.29,29.85
31.35,-78.27,29.85
31.35,-78.25,29.85
31.35,-78.23,29.87
31.35,-78.21,29.84
31.35,-78.19,29.82
31.35,-78.17,29.81
31.35,-78.15,29.89
31.35,-78.13,29.76
31.35,-78.11,29.72
31.35,-78.09,29.75
31.35,-78.07,29.78
31.35,-78.05,29.81
31.35,-78.03,29.8
31.35,-78.01,29.77
31.35,-77.99,29.68
31.35,-77.97,29.68
31.35,-77.95,29.69
31.35,-77.93,29.65
31.35,-77.91,29.64
31.35,-77.89,29.62
31.35,-77.87,29.69
31.35,-77.85,29.73
31.35,-77.83,29.75
31.35,-77.81,29.79
31.35,-77.79,29.87
31.35,-77.77,29.87
31.35,-77.75,29.85
31.35,-77.73,29.87
31.35,-77.71,29.85
31.35,-77.69,29.82
31.35,-77.67,29.89
31.35,-77.65,29.87
31.35,-77.63,29.81
31.35,-77.61,29.82
31.35,-77.59,29.88
31.35,-77.57,29.89
31.35,-77.55,29.91
31.35,-77.53,30.0
31.35,-77.51,29.92
31.35,-77.49,29.91
31.35,-77.47,29.95
31.35,-77.45,29.91
31.35,-77.43,29.87
31.35,-77.41,29.86
31.35,-77.39,29.81
31.35,-77.37,29.8
31.35,-77.35,29.79
31.35,-77.33,29.81
31.35,-77.31,29.8
31.35,-77.29,29.82
31.35,-77.27,29.79
31.35,-77.25,29.76
31.35,-77.23,29.76
31.35,-77.21,29.77
31.35,-77.19,29.89
31.35,-77.17,29.97
31.35,-77.15,29.93
31.35,-77.13,29.9
31.35,-77.11,29.99
31.35,-77.09,30.07
31.35,-77.07,30.03
31.35,-77.05,30.02
31.35,-77.03,29.94
31.35,-77.01,29.84
31.35,-76.99,29.81
31.35,-76.97,29.94
31.35,-76.95,29.92
31.35,-76.93,29.85
31.35,-76.91,29.88
31.35,-76.89,29.94
31.35,-76.87,29.99
31.35,-76.85,29.94
31.35,-76.83,29.87
31.35,-76.81,29.9
31.35,-76.79,30.01
31.35,-76.77,30.03
31.35,-76.75,30.0
31.35,-76.73,29.96
31.35,-76.71,29.97
31.35,-76.69,30.02
31.35,-76.67,30.05
31.35,-76.65,30.03
31.35,-76.63,30.03
31.35,-76.61,30.05
31.35,-76.59,30.05
31.35,-76.57,30.03
31.35,-76.55,30.0
31.35,-76.53,29.94
31.35,-76.51,29.86
31.35,-76.49,29.82
31.35,-76.47,29.86
31.35,-76.45,29.9
31.35,-76.43,29.97
31.35,-76.41,30.08
31.35,-76.39,30.13
31.35,-76.37,30.1
31.35,-76.35,30.1
31.35,-76.33,30.01
31.35,-76.31,29.9
31.35,-76.29,29.8
31.35,-76.27,29.86
31.35,-76.25,29.95
31.35,-76.23,29.98
31.35,-76.21,30.03
31.35,-76.19,30.04
31.35,-76.17,29.87
31.35,-76.15,29.82
31.35,-76.13,29.9
31.35,-76.05,29.82
31.33,-81.21,30.53
31.33,-81.19,30.43
31.33,-81.17,30.01
31.33,-81.15,29.51
31.33,-80.63,28.6
31.33,-80.61,28.57
31.33,-80.57,28.82
31.33,-80.55,28.81
31.33,-80.53,28.69
31.33,-80.51,28.32
31.33,-80.49,27.95
31.33,-80.35,28.97
31.33,-80.33,28.99
31.33,-80.31,29.05
31.33,-80.29,29.02
31.33,-80.27,29.01
31.33,-80.25,29.04
31.33,-80.23,29.06
31.33,-80.21,29.08
31.33,-80.19,29.07
31.33,-80.17,29.06
31.33,-80.15,29.12
31.33,-80.13,29.13
31.33,-80.11,29.16
31.33,-80.09,29.17
31.33,-80.07,29.25
31.33,-80.05,29.32
31.33,-80.03,29.51
31.33,-80.01,29.44
31.33,-79.99,29.41
31.33,-79.97,29.37
31.33,-79.95,29.37
31.33,-79.93,29.43
31.33,-79.91,29.54
31.33,-79.89,29.63
31.33,-79.87,30.24
31.33,-79.85,30.27
31.33,-79.83,30.38
31.33,-79.81,30.41
31.33,-79.79,30.39
31.33,-79.77,30.51
31.33,-79.75,30.54
31.33,-79.73,30.59
31.33,-79.71,30.57
31.33,-79.69,30.54
31.33,-79.67,30.48
31.33,-79.65,30.51
31.33,-79.63,30.53
31.33,-79.61,30.61
31.33,-79.59,30.59
31.33,-79.57,30.48
31.33,-79.55,30.27
31.33,-79.53,30.21
31.33,-79.51,30.23
31.33,-79.49,30.22
31.33,-79.47,30.17
31.33,-79.45,30.15
31.33,-79.43,30.16
31.33,-79.41,30.16
31.33,-79.39,30.14
31.33,-79.37,30.11
31.33,-79.35,30.05
31.33,-79.33,30.05
31.33,-79.31,30.09
31.33,-79.29,30.12
31.33,-79.27,30.06
31.33,-79.25,30.13
31.33,-79.23,30.12
31.33,-79.21,30.1
31.33,-79.19,30.14
31.33,-79.17,30.16
31.33,-79.15,30.13
31.33,-79.13,30.11
31.33,-79.11,30.17
31.33,-79.09,30.24
31.33,-79.07,30.22
31.33,-79.05,30.11
31.33,-79.03,30.08
31.33,-79.01,29.99
31.33,-78.99,30.18
31.33,-78.97,30.13
31.33,-78.95,30.21
31.33,-78.93,30.24
31.33,-78.91,30.22
31.33,-78.89,30.22
31.33,-78.87,30.22
31.33,-78.85,30.21
31.33,-78.83,30.17
31.33,-78.81,30.17
31.33,-78.79,30.14
31.33,-78.77,30.14
31.33,-78.75,30.14
31.33,-78.73,30.16
31.33,-78.71,30.16
31.33,-78.69,30.16
31.33,-78.67,30.21
31.33,-78.65,30.19
31.33,-78.63,30.19
31.33,-78.61,30.19
31.33,-78.59,30.15
31.33,-78.57,30.16
31.33,-78.55,30.12
31.33,-78.53,30.11
31.33,-78.51,30.0
31.33,-78.49,29.81
31.33,-78.47,29.73
31.33,-78.45,29.74
31.33,-78.43,29.81
31.33,-78.41,29.88
31.33,-78.39,29.89
31.33,-78.37,29.96
31.33,-78.35,29.93
31.33,-78.33,29.85
31.33,-78.31,29.85
31.33,-78.29,29.91
31.33,-78.27,29.92
31.33,-78.25,29.9
31.33,-78.23,29.85
31.33,-78.21,29.84
31.33,-78.19,29.81
31.33,-78.17,29.73
31.33,-78.15,29.7
31.33,-78.13,29.75
31.33,-78.11,29.76
31.33,-78.09,29.78
31.33,-78.07,29.8
31.33,-78.05,29.83
31.33,-78.03,29.77
31.33,-78.01,29.71
31.33,-77.99,29.67
31.33,-77.97,29.64
31.33,-77.95,29.64
31.33,-77.93,29.64
31.33,-77.91,29.64
31.33,-77.89,29.65
31.33,-77.87,29.67
31.33,-77.85,29.73
31.33,-77.83,29.79
31.33,-77.81,29.85
31.33,-77.79,29.87
31.33,-77.77,29.85
31.33,-77.75,29.86
31.33,-77.73,29.84
31.33,-77.71,29.81
31.33,-77.69,29.81
31.33,-77.67,29.84
31.33,-77.65,29.83
31.33,-77.63,29.82
31.33,-77.61,29.84
31.33,-77.59,29.92
31.33,-77.57,29.92
31.33,-77.55,29.94
31.33,-77.53,29.94
31.33,-77.51,29.9
31.33,-77.49,29.88
31.33,-77.47,29.91
31.33,-77.45,29.87
31.33,-77.43,29.84
31.33,-77.41,29.83
31.33,-77.39,29.83
31.33,-77.37,29.83
31.33,-77.35,29.81
31.33,-77.33,29.81
31.33,-77.31,29.8
31.33,-77.29,29.81
31.33,-77.27,29.8
31.33,-77.25,29.81
31.33,-77.23,29.79
31.33,-77.21,29.78
31.33,-77.19,29.86
31.33,-77.17,29.93
31.33,-77.15,29.93
31.33,-77.13,29.95
31.33,-77.11,29.97
31.33,-77.09,29.99
31.33,-77.07,29.97
31.33,-77.05,29.89
31.33,-77.03,29.77
31.33,-77.01,29.83
31.33,-76.99,29.85
31.33,-76.97,29.95
31.33,-76.95,29.83
31.33,-76.93,29.86
31.33,-76.91,29.86
31.33,-76.89,29.87
31.33,-76.87,29.92
31.33,-76.85,29.92
31.33,-76.83,29.9
31.33,-76.81,29.94
31.33,-76.79,29.98
31.33,-76.77,30.01
31.33,-76.75,29.94
31.33,-76.73,29.97
31.33,-76.71,29.94
31.33,-76.69,29.97
31.33,-76.67,29.97
31.33,-76.65,29.95
31.33,-76.63,30.04
31.33,-76.61,30.14
31.33,-76.59,30.07
31.33,-76.57,29.98
31.33,-76.55,29.97
31.33,-76.53,29.95
31.33,-76.51,29.87
31.33,-76.49,29.81
31.33,-76.47,29.87
31.33,-76.45,29.91
31.33,-76.43,29.86
31.33,-76.41,30.06
31.33,-76.39,30.13
31.33,-76.37,30.1
31.33,-76.35,30.09
31.33,-76.33,30.0
31.33,-76.29,29.92
31.33,-76.27,29.96
31.33,-76.25,29.97
31.33,-76.09,29.88
31.33,-76.07,29.93
31.33,-76.05,29.93
31.33,-76.03,29.88
31.31,-81.23,30.24
31.31,-81.21,30.53
31.31,-81.19,30.56
31.31,-81.17,30.02
31.31,-81.15,29.24
31.31,-80.63,28.68
31.31,-80.61,28.68
31.31,-80.59,28.94
31.31,-80.57,28.85
31.31,-80.55,28.89
31.31,-80.53,28.69
31.31,-80.51,28.58
31.31,-80.37,28.94
31.31,-80.35,28.98
31.31,-80.33,29.06
31.31,-80.31,29.07
31.31,-80.29,29.05
31.31,-80.27,29.08
31.31,-80.25,29.06
31.31,-80.23,29.07
31.31,-80.21,29.11
31.31,-80.19,29.07
31.31,-80.17,29.07
31.31,-80.15,29.08
31.31,-80.13,29.09
31.31,-80.11,29.19
31.31,-80.09,29.28
31.31,-80.07,29.33
31.31,-80.05,29.38
31.31,-80.03,29.36
31.31,-80.01,29.35
31.31,-79.99,29.3
31.31,-79.97,29.27
31.31,-79.95,29.35
31.31,-79.93,29.53
31.31,-79.91,29.52
31.31,-79.89,29.73
31.31,-79.87,30.18
31.31,-79.85,30.26
31.31,-79.83,30.37
31.31,-79.81,30.39
31.31,-79.79,30.43
31.31,-79.77,30.49
31.31,-79.75,30.52
31.31,-79.73,30.52
31.31,-79.71,30.48
31.31,-79.69,30.47
31.31,-79.67,30.48
31.31,-79.65,30.55
31.31,-79.63,30.55
31.31,-79.61,30.48
31.31,-79.59,30.38
31.31,-79.57,30.34
31.31,-79.55,30.27
31.31,-79.53,30.29
31.31,-79.51,30.23
31.31,-79.49,30.15
31.31,-79.47,30.08
31.31,-79.45,30.1
31.31,-79.43,30.12
31.31,-79.41,30.13
31.31,-79.39,30.11
31.31,-79.37,30.1
31.31,-79.35,30.1
31.31,-79.33,30.13
31.31,-79.31,30.16
31.31,-79.29,30.11
31.31,-79.27,30.1
31.31,-79.25,30.07
31.31,-79.23,30.1
31.31,-79.21,30.15
31.31,-79.19,30.17
31.31,-79.17,30.2
31.31,-79.15,30.15
31.31,-79.13,30.12
31.31,-79.11,30.17
31.31,-79.09,30.26
31.31,-79.07,30.2
31.31,-79.05,30.13
31.31,-79.03,30.13
31.31,-79.01,30.15
31.31,-78.99,30.22
31.31,-78.97,30.28
31.31,-78.95,30.19
31.31,-78.93,30.17
31.31,-78.91,30.18
31.31,-78.89,30.21
31.31,-78.87,30.23
31.31,-78.85,30.2
31.31,-78.83,30.18
31.31,-78.81,30.21
31.31,-78.79,30.18
31.31,-78.77,30.18
31.31,-78.75,30.16
31.31,-78.73,30.12
31.31,-78.71,30.14
31.31,-78.69,30.12
31.31,-78.67,30.12
31.31,-78.65,30.19
31.31,-78.63,30.23
31.31,-78.61,30.24
31.31,-78.59,30.15
31.31,-78.57,30.0
31.31,-78.55,29.92
31.31,-78.53,29.87
31.31,-78.51,29.83
31.31,-78.49,29.67
31.31,-78.47,29.63
31.31,-78.45,29.88
31.31,-78.43,29.91
31.31,-78.41,29.89
31.31,-78.39,29.88
31.31,-78.37,29.85
31.31,-78.35,29.83
31.31,-78.33,29.94
31.31,-78.31,29.94
31.31,-78.29,29.93
31.31,-78.27,29.9
31.31,-78.25,29.85
31.31,-78.23,29.74
31.31,-78.21,29.8
31.31,-78.19,29.76
31.31,-78.17,29.79
31.31,-78.15,29.76
31.31,-78.13,29.75
31.31,-78.11,29.78
31.31,-78.09,29.81
31.31,-78.07,29.81
31.31,-78.05,29.75
31.31,-78.03,29.64
31.31,-78.01,29.65
31.31,-77.99,29.64
31.31,-77.97,29.63
31.31,-77.95,29.63
31.31,-77.93,29.66
31.31,-77.91,29.66
31.31,-77.89,29.67
31.31,-77.87,29.67
31.31,-77.85,29.76
31.31,-77.83,29.87
31.31,-77.81,29.85
31.31,-77.79,29.83
31.31,-77.77,29.84
31.31,-77.75,29.83
31.31,-77.73,29.77
31.31,-77.71,29.75
31.31,-77.69,29.79
31.31,-77.67,29.84
31.31,-77.65,29.88
31.31,-77.63,29.84
31.31,-77.61,29.87
31.31,-77.59,29.94
31.31,-77.57,29.95
31.31,-77.55,29.91
31.31,-77.53,29.87
31.31,-77.51,29.88
31.31,-77.49,29.88
31.31,-77.47,29.85
31.31,-77.45,29.82
31.31,-77.43,29.83
31.31,-77.41,29.82
31.31,-77.39,29.86
31.31,-77.37,29.83
31.31,-77.35,29.78
31.31,-77.33,29.81
31.31,-77.31,29.81
31.31,-77.29,29.82
31.31,-77.27,29.83
31.31,-77.25,29.88
31.31,-77.23,29.85
31.31,-77.21,29.81
31.31,-77.19,29.82
31.31,-77.17,29.83
31.31,-77.15,29.92
31.31,-77.13,30.0
31.31,-77.11,30.02
31.31,-77.09,29.96
31.31,-77.07,29.86
31.31,-77.05,29.84
31.31,-77.03,29.87
31.31,-77.01,29.84
31.31,-76.99,29.85
31.31,-76.97,29.8
31.31,-76.95,29.78
31.31,-76.93,29.85
31.31,-76.91,29.82
31.31,-76.89,29.89
31.31,-76.87,29.96
31.31,-76.85,29.93
31.31,-76.83,29.94
31.31,-76.81,30.03
31.31,-76.79,30.0
31.31,-76.77,29.97
31.31,-76.75,29.94
31.31,-76.73,29.99
31.31,-76.71,29.97
31.31,-76.69,29.99
31.31,-76.67,29.98
31.31,-76.65,29.92
31.31,-76.63,30.03
31.31,-76.61,30.1
31.31,-76.59,30.15
31.31,-76.57,30.04
31.31,-76.55,29.95
31.31,-76.53,29.91
31.31,-76.51,29.85
31.31,-76.49,29.83
31.31,-76.47,29.9
31.31,-76.45,29.94
31.31,-76.43,29.93
31.31,-76.41,30.0
31.31,-76.39,30.06
31.31,-76.29,29.91
31.31,-76.27,29.86
31.31,-76.25,29.84
31.31,-76.23,29.91
31.31,-76.21,29.89
31.31,-76.19,29.59
31.31,-76.17,29.48
31.31,-76.15,29.44
31.31,-76.13,29.46
31.31,-76.09,29.89
31.31,-76.07,29.88
31.31,-76.05,29.89
31.29,-81.23,30.23
31.29,-81.21,30.33
31.29,-81.19,30.25
31.29,-81.17,29.97
31.29,-81.15,29.22
31.29,-81.13,28.99
31.29,-81.11,28.82
31.29,-81.09,28.84
31.29,-81.07,28.87
31.29,-81.05,28.74
31.29,-80.67,28.72
31.29,-80.65,28.79
31.29,-80.63,28.75
31.29,-80.61,28.76
31.29,-80.59,28.91
31.29,-80.57,29.02
31.29,-80.55,28.88
31.29,-80.53,28.8
31.29,-80.51,28.1
31.29,-80.41,28.09
31.29,-80.39,28.83
31.29,-80.37,28.94
31.29,-80.35,29.22
31.29,-80.33,29.1
31.29,-80.31,29.06
31.29,-80.29,29.07
31.29,-80.27,29.07
31.29,-80.25,29.06
31.29,-80.23,29.08
31.29,-80.21,29.07
31.29,-80.19,29.08
31.29,-80.17,29.09
31.29,-80.15,29.11
31.29,-80.13,29.19
31.29,-80.11,29.22
31.29,-80.09,29.27
31.29,-80.07,29.27
31.29,-80.05,29.31
31.29,-80.03,29.29
31.29,-80.01,29.29
31.29,-79.99,29.29
31.29,-79.97,29.34
31.29,-79.95,29.4
31.29,-79.93,29.38
31.29,-79.91,29.4
31.29,-79.89,29.95
31.29,-79.87,30.09
31.29,-79.85,30.31
31.29,-79.83,30.4
31.29,-79.81,30.45
31.29,-79.79,30.49
31.29,-79.77,30.49
31.29,-79.75,30.5
31.29,-79.73,30.5
31.29,-79.71,30.46
31.29,-79.69,30.48
31.29,-79.67,30.45
31.29,-79.65,30.48
31.29,-79.63,30.46
31.29,-79.61,30.38
31.29,-79.59,30.42
31.29,-79.57,30.35
31.29,-79.55,30.21
31.29,-79.53,30.21
31.29,-79.51,30.2
31.29,-79.49,30.13
31.29,-79.47,30.09
31.29,-79.45,30.12
31.29,-79.43,30.17
31.29,-79.41,30.11
31.29,-79.39,30.1
31.29,-79.37,30.12
31.29,-79.35,30.14
31.29,-79.33,30.19
31.29,-79.31,30.15
31.29,-79.29,30.09
31.29,-79.27,30.12
31.29,-79.25,30.1
31.29,-79.23,30.13
31.29,-79.21,30.18
31.29,-79.19,30.18
31.29,-79.17,30.17
31.29,-79.15,30.21
31.29,-79.13,30.21
31.29,-79.11,30.21
31.29,-79.09,30.27
31.29,-79.07,30.21
31.29,-79.05,30.18
31.29,-79.03,30.17
31.29,-79.01,30.2
31.29,-78.99,30.19
31.29,-78.97,30.21
31.29,-78.95,30.16
31.29,-78.93,30.18
31.29,-78.91,30.21
31.29,-78.89,30.21
31.29,-78.87,30.18
31.29,-78.85,30.12
31.29,-78.83,30.14
31.29,-78.81,30.23
31.29,-78.79,30.23
31.29,-78.77,30.18
31.29,-78.75,30.12
31.29,-78.73,30.07
31.29,-78.71,30.13
31.29,-78.69,30.18
31.29,-78.67,30.21
31.29,-78.65,30.22
31.29,-78.63,30.18
31.29,-78.61,30.07
31.29,-78.59,29.99
31.29,-78.57,29.93
31.29,-78.55,29.88
31.29,-78.53,29.77
31.29,-78.51,29.73
31.29,-78.49,29.74
31.29,-78.47,29.78
31.29,-78.45,29.82
31.29,-78.43,29.82
31.29,-78.41,29.83
31.29,-78.39,29.88
31.29,-78.37,29.96
31.29,-78.35,29.98
31.29,-78.33,29.88
31.29,-78.31,29.87
31.29,-78.29,29.88
31.29,-78.27,29.84
31.29,-78.25,29.79
31.29,-78.23,29.76
31.29,-78.21,29.85
31.29,-78.19,29.78
31.29,-78.17,29.78
31.29,-78.15,29.8
31.29,-78.13,29.76
31.29,-78.11,29.7
31.29,-78.09,29.71
31.29,-78.07,29.75
31.29,-78.05,29.69
31.29,-78.03,29.66
31.29,-78.01,29.69
31.29,-77.99,29.67
31.29,-77.97,29.65
31.29,-77.95,29.68
31.29,-77.93,29.66
31.29,-77.91,29.64
31.29,-77.89,29.68
31.29,-77.87,29.75
31.29,-77.85,29.82
31.29,-77.83,29.84
31.29,-77.81,29.79
31.29,-77.79,29.85
31.29,-77.77,29.84
31.29,-77.75,29.79
31.29,-77.73,29.75
31.29,-77.71,29.75
31.29,-77.69,29.81
31.29,-77.67,29.85
31.29,-77.65,29.9
31.29,-77.63,29.86
31.29,-77.61,29.86
31.29,-77.59,29.88
31.29,-77.57,29.85
31.29,-77.55,29.86
31.29,-77.53,29.87
31.29,-77.51,29.85
31.29,-77.49,29.82
31.29,-77.47,29.75
31.29,-77.45,29.8
31.29,-77.43,29.8
31.29,-77.41,29.8
31.29,-77.39,29.85
31.29,-77.37,29.85
31.29,-77.35,29.84
31.29,-77.33,29.84
31.29,-77.31,29.83
31.29,-77.29,29.85
31.29,-77.27,29.86
31.29,-77.25,29.83
31.29,-77.23,29.82
31.29,-77.21,29.82
31.29,-77.19,29.88
31.29,-77.17,29.9
31.29,-77.15,29.97
31.29,-77.13,29.96
31.29,-77.11,29.95
31.29,-77.09,29.9
31.29,-77.07,29.88
31.29,-77.05,29.89
31.29,-77.03,29.94
31.29,-77.01,29.93
31.29,-76.99,29.89
31.29,-76.97,29.85
31.29,-76.95,29.82
31.29,-76.93,29.83
31.29,-76.91,29.85
31.29,-76.89,29.97
31.29,-76.87,29.95
31.29,-76.85,29.89
31.29,-76.83,29.87
31.29,-76.81,29.98
31.29,-76.79,30.05
31.29,-76.77,30.02
31.29,-76.75,30.12
31.29,-76.73,30.14
31.29,-76.71,30.12
31.29,-76.69,30.07
31.29,-76.67,30.37
31.29,-76.65,30.35
31.29,-76.63,30.22
31.29,-76.61,30.09
31.29,-76.59,30.02
31.29,-76.57,29.89
31.29,-76.55,29.78
31.29,-76.53,29.76
31.29,-76.51,29.84
31.29,-76.49,29.92
31.29,-76.47,29.97
31.29,-76.45,29.97
31.29,-76.43,29.96
31.29,-76.41,30.0
31.29,-76.29,29.96
31.29,-76.27,29.93
31.29,-76.25,29.89
31.29,-76.23,29.9
31.29,-76.21,29.76
31.29,-76.19,29.6
31.29,-76.17,29.6
31.29,-76.15,29.62
31.29,-76.13,29.54
31.29,-76.11,29.41
31.29,-76.09,29.42
31.29,-76.07,29.48
31.29,-76.05,29.53
31.27,-81.23,30.33
31.27,-81.21,30.25
31.27,-81.19,29.98
31.27,-81.17,29.6
31.27,-81.15,29.29
31.27,-81.13,29.13
31.27,-81.11,29.26
31.27,-81.09,29.23
31.27,-81.07,29.2
31.27,-81.05,28.92
31.27,-81.03,28.87
31.27,-81.01,29.06
31.27,-80.99,28.98
31.27,-80.97,28.66
31.27,-80.95,28.52
31.27,-80.71,28.61
31.27,-80.69,28.6
31.27,-80.67,28.69
31.27,-80.65,28.7
31.27,-80.63,28.7
31.27,-80.61,28.73
31.27,-80.59,28.98
31.27,-80.57,29.04
31.27,-80.55,28.97
31.27,-80.53,28.75
31.27,-80.51,28.13
31.27,-80.49,28.02
31.27,-80.41,28.38
31.27,-80.39,28.78
31.27,-80.37,29.04
31.27,-80.35,29.07
31.27,-80.33,29.07
31.27,-80.31,29.05
31.27,-80.29,29.04
31.27,-80.27,29.05
31.27,-80.25,29.05
31.27,-80.23,29.07
31.27,-80.21,29.1
31.27,-80.19,29.09
31.27,-80.17,29.11
31.27,-80.15,29.18
31.27,-80.13,29.25
31.27,-80.11,29.26
31.27,-80.09,29.28
31.27,-80.07,29.3
31.27,-80.05,29.32
31.27,-80.03,29.29
31.27,-80.01,29.31
31.27,-79.99,29.34
31.27,-79.97,29.33
31.27,-79.95,29.29
31.27,-79.93,29.28
31.27,-79.91,29.32
31.27,-79.89,29.89
31.27,-79.87,30.04
31.27,-79.85,30.28
31.27,-79.83,30.46
31.27,-79.81,30.51
31.27,-79.79,30.53
31.27,-79.77,30.52
31.27,-79.75,30.47
31.27,-79.73,30.46
31.27,-79.71,30.44
31.27,-79.69,30.46
31.27,-79.67,30.44
31.27,-79.65,30.45
31.27,-79.63,30.45
31.27,-79.61,30.45
31.27,-79.59,30.37
31.27,-79.57,30.22
31.27,-79.55,30.17
31.27,-79.53,30.16
31.27,-79.51,30.13
31.27,-79.49,30.17
31.27,-79.47,30.23
31.27,-79.45,30.23
31.27,-79.43,30.18
31.27,-79.41,30.14
31.27,-79.39,30.15
31.27,-79.37,30.14
31.27,-79.35,30.1
31.27,-79.33,30.11
31.27,-79.31,30.13
31.27,-79.29,30.15
31.27,-79.27,30.16
31.27,-79.25,30.13
31.27,-79.23,30.19
31.27,-79.21,30.22
31.27,-79.19,30.17
31.27,-79.17,30.21
31.27,-79.15,30.24
31.27,-79.13,30.29
31.27,-79.11,30.22
31.27,-79.09,30.15
31.27,-79.07,30.16
31.27,-79.05,30.21
31.27,-79.03,30.26
31.27,-79.01,30.26
31.27,-78.99,30.22
31.27,-78.97,30.2
31.27,-78.95,30.2
31.27,-78.93,30.21
31.27,-78.91,30.19
31.27,-78.89,30.15
31.27,-78.87,30.11
31.27,-78.85,30.12
31.27,-78.83,30.18
31.27,-78.81,30.21
31.27,-78.79,30.13
31.27,-78.77,30.07
31.27,-78.75,30.08
31.27,-78.73,30.12
31.27,-78.71,30.16
31.27,-78.69,30.19
31.27,-78.67,30.21
31.27,-78.65,30.15
31.27,-78.63,30.05
31.27,-78.61,29.96
31.27,-78.59,29.9
31.27,-78.57,29.83
31.27,-78.55,29.83
31.27,-78.53,29.76
31.27,-78.51,29.72
31.27,-78.49,29.69
31.27,-78.47,29.79
31.27,-78.45,29.78
31.27,-78.43,29.81
31.27,-78.41,29.87
31.27,-78.39,29.94
31.27,-78.37,29.87
31.27,-78.35,29.85
31.27,-78.33,29.88
31.27,-78.31,29.85
31.27,-78.29,29.83
31.27,-78.27,29.78
31.27,-78.25,29.79
31.27,-78.23,29.78
31.27,-78.21,29.93
31.27,-78.19,29.78
31.27,-78.17,29.76
31.27,-78.15,29.8
31.27,-78.13,29.73
31.27,-78.11,29.66
31.27,-78.09,29.67
31.27,-78.07,29.77
31.27,-78.05,29.72
31.27,-78.03,29.69
31.27,-78.01,29.68
31.27,-77.99,29.63
31.27,-77.97,29.64
31.27,-77.95,29.67
31.27,-77.93,29.67
31.27,-77.91,29.67
31.27,-77.89,29.71
31.27,-77.87,29.76
31.27,-77.85,29.76
31.27,-77.83,29.81
31.27,-77.81,29.81
31.27,-77.79,29.85
31.27,-77.77,29.84
31.27,-77.75,29.81
31.27,-77.73,29.76
31.27,-77.71,29.74
31.27,-77.69,29.78
31.27,-77.67,29.86
31.27,-77.65,29.87
31.27,-77.63,29.81
31.27,-77.61,29.78
31.27,-77.59,29.82
31.27,-77.57,29.83
31.27,-77.55,29.84
31.27,-77.53,29.88
31.27,-77.51,29.8
31.27,-77.49,29.79
31.27,-77.47,29.79
31.27,-77.45,29.82
31.27,-77.43,29.8
31.27,-77.41,29.78
31.27,-77.39,29.82
31.27,-77.37,29.84
31.27,-77.35,29.85
31.27,-77.33,29.86
31.27,-77.31,29.85
31.27,-77.29,29.85
31.27,-77.27,29.83
31.27,-77.25,29.82
31.27,-77.23,29.82
31.27,-77.21,29.84
31.27,-77.19,29.86
31.27,-77.17,29.88
31.27,-77.15,29.93
31.27,-77.13,29.93
31.27,-77.11,29.94
31.27,-77.09,29.92
31.27,-77.07,29.93
31.27,-77.05,29.94
31.27,-77.03,29.92
31.27,-77.01,29.91
31.27,-76.99,29.91
31.27,-76.97,29.85
31.27,-76.95,29.75
31.27,-76.93,29.81
31.27,-76.91,29.86
31.27,-76.89,29.86
31.27,-76.87,29.85
31.27,-76.85,29.97
31.27,-76.83,30.04
31.27,-76.81,30.01
31.27,-76.79,30.01
31.27,-76.77,30.05
31.27,-76.75,30.05
31.27,-76.73,30.09
31.27,-76.71,30.08
31.27,-76.69,30.06
31.27,-76.67,30.26
31.27,-76.65,30.26
31.27,-76.63,30.21
31.27,-76.61,30.09
31.27,-76.59,29.84
31.27,-76.57,29.83
31.27,-76.55,29.84
31.27,-76.53,29.88
31.27,-76.51,30.05
31.27,-76.31,29.96
31.27,-76.29,30.02
31.27,-76.27,29.98
31.27,-76.23,29.74
31.27,-76.21,29.69
31.27,-76.19,29.59
31.27,-76.17,29.56
31.27,-76.15,29.6
31.27,-76.13,29.58
31.27,-76.05,29.51
31.25,-81.23,30.24
31.25,-81.21,30.16
31.25,-81.19,29.94
31.25,-81.17,29.64
31.25,-81.15,29.37
31.25,-81.13,29.38
31.25,-81.11,29.36
31.25,-81.09,29.2
31.25,-81.07,29.06
31.25,-81.05,29.02
31.25,-81.03,29.05
31.25,-81.01,29.08
31.25,-80.99,29.05
31.25,-80.97,28.88
31.25,-80.95,28.71
31.25,-80.93,28.44
31.25,-80.75,28.73
31.25,-80.73,28.64
31.25,-80.71,28.66
31.25,-80.69,28.74
31.25,-80.67,28.89
31.25,-80.65,28.87
31.25,-80.63,28.86
31.25,-80.61,29.06
31.25,-80.59,29.01
31.25,-80.57,29.04
31.25,-80.55,29.14
31.25,-80.53,28.9
31.25,-80.51,28.23
31.25,-80.49,27.88
31.25,-80.47,27.84
31.25,-80.41,29.02
31.25,-80.39,29.0
31.25,-80.37,29.08
31.25,-80.35,29.09
31.25,-80.33,29.08
31.25,-80.31,29.04
31.25,-80.29,29.03
31.25,-80.27,29.03
31.25,-80.25,29.07
31.25,-80.23,29.05
31.25,-80.21,29.1
31.25,-80.19,29.12
31.25,-80.17,29.15
31.25,-80.15,29.22
31.25,-80.13,29.27
31.25,-80.11,29.3
31.25,-80.09,29.28
31.25,-80.07,29.31
31.25,-80.05,29.24
31.25,-80.03,29.33
31.25,-80.01,29.36
31.25,-79.99,29.38
31.25,-79.97,29.27
31.25,-79.95,29.29
31.25,-79.93,29.28
31.25,-79.91,29.49
31.25,-79.89,29.8
31.25,-79.87,30.01
31.25,-79.85,30.36
31.25,-79.83,30.54
31.25,-79.81,30.53
31.25,-79.79,30.49
31.25,-79.77,30.47
31.25,-79.75,30.44
31.25,-79.73,30.45
31.25,-79.71,30.45
31.25,-79.69,30.5
31.25,-79.67,30.47
31.25,-79.65,30.46
31.25,-79.63,30.45
31.25,-79.61,30.36
31.25,-79.59,30.29
31.25,-79.57,30.19
31.25,-79.55,30.16
31.25,-79.53,30.17
31.25,-79.51,30.23
31.25,-79.49,30.26
31.25,-79.47,30.24
31.25,-79.45,30.24
31.25,-79.43,30.17
31.25,-79.41,30.19
31.25,-79.39,30.16
31.25,-79.37,30.14
31.25,-79.35,30.12
31.25,-79.33,30.14
31.25,-79.31,30.16
31.25,-79.29,30.17
31.25,-79.27,30.17
31.25,-79.25,30.17
31.25,-79.23,30.2
31.25,-79.21,30.23
31.25,-79.19,30.21
31.25,-79.17,30.24
31.25,-79.15,30.23
31.25,-79.13,30.22
31.25,-79.11,30.16
31.25,-79.09,30.17
31.25,-79.07,30.24
31.25,-79.05,30.27
31.25,-79.03,30.3
31.25,-79.01,30.26
31.25,-78.99,30.23
31.25,-78.97,30.23
31.25,-78.95,30.22
31.25,-78.93,30.18
31.25,-78.91,30.16
31.25,-78.89,30.13
31.25,-78.87,30.14
31.25,-78.85,30.16
31.25,-78.83,30.13
31.25,-78.81,30.07
31.25,-78.79,30.05
31.25,-78.77,30.1
31.25,-78.75,30.15
31.25,-78.73,30.17
31.25,-78.71,30.17
31.25,-78.69,30.18
31.25,-78.67,30.17
31.25,-78.65,30.08
31.25,-78.63,30.05
31.25,-78.61,29.87
31.25,-78.59,29.84
31.25,-78.57,29.78
31.25,-78.55,29.73
31.25,-78.53,29.73
31.25,-78.51,29.73
31.25,-78.49,29.77
31.25,-78.47,29.76
31.25,-78.45,29.79
31.25,-78.43,29.83
31.25,-78.41,29.86
31.25,-78.39,29.77
31.25,-78.37,29.76
31.25,-78.35,29.86
31.25,-78.33,29.91
31.25,-78.31,29.88
31.25,-78.29,29.75
31.25,-78.27,29.71
31.25,-78.25,29.75
31.25,-78.23,29.79
31.25,-78.21,29.8
31.25,-78.19,29.76
31.25,-78.17,29.8
31.25,-78.15,29.78
31.25,-78.13,29.7
31.25,-78.11,29.66
31.25,-78.09,29.72
31.25,-78.07,29.79
31.25,-78.05,29.78
31.25,-78.03,29.65
31.25,-78.01,29.6
31.25,-77.99,29.64
31.25,-77.97,29.67
31.25,-77.95,29.66
31.25,-77.93,29.67
31.25,-77.91,29.68
31.25,-77.89,29.72
31.25,-77.87,29.73
31.25,-77.85,29.76
31.25,-77.83,29.85
31.25,-77.81,29.87
31.25,-77.79,29.86
31.25,-77.77,29.82
31.25,-77.75,29.81
31.25,-77.73,29.74
31.25,-77.71,29.74
31.25,-77.69,29.82
31.25,-77.67,29.9
31.25,-77.65,29.86
31.25,-77.63,29.76
31.25,-77.61,29.69
31.25,-77.59,29.75
31.25,-77.57,29.78
31.25,-77.55,29.81
31.25,-77.53,29.82
31.25,-77.51,29.78
31.25,-77.49,29.78
31.25,-77.47,29.78
31.25,-77.45,29.8
31.25,-77.43,29.81
31.25,-77.41,29.81
31.25,-77.39,29.82
31.25,-77.37,29.83
31.25,-77.35,29.82
31.25,-77.33,29.82
31.25,-77.31,29.81
31.25,-77.29,29.83
31.25,-77.27,29.82
31.25,-77.25,29.81
31.25,-77.23,29.81
31.25,-77.21,29.84
31.25,-77.19,29.85
31.25,-77.17,29.87
31.25,-77.15,29.86
31.25,-77.13,29.91
31.25,-77.11,29.95
31.25,-77.09,29.93
31.25,-77.07,29.89
31.25,-77.05,29.89
31.25,-77.03,29.91
31.25,-77.01,29.91
31.25,-76.99,29.89
31.25,-76.97,29.82
31.25,-76.95,29.71
31.25,-76.93,29.87
31.25,-76.91,29.89
31.25,-76.89,29.85
31.25,-76.87,29.87
31.25,-76.85,29.94
31.25,-76.83,29.99
31.25,-76.81,29.98
31.25,-76.79,29.97
31.25,-76.77,30.01
31.25,-76.75,30.02
31.25,-76.73,30.03
31.25,-76.71,30.0
31.25,-76.69,29.97
31.25,-76.67,29.87
31.25,-76.65,29.92
31.25,-76.63,29.94
31.25,-76.61,29.77
31.25,-76.59,29.62
31.25,-76.57,29.67
31.25,-76.55,29.93
31.25,-76.53,29.9
31.25,-76.23,29.56
31.25,-76.21,29.58
31.25,-76.19,29.57
31.25,-76.17,29.51
31.25,-76.15,29.51
31.25,-76.13,29.55
31.25,-76.05,29.39
31.23,-81.27,30.42
31.23,-81.25,30.34
31.23,-81.23,30.13
31.23,-81.21,29.87
31.23,-81.19,29.8
31.23,-81.17,29.62
31.23,-81.15,29.34
31.23,-81.13,29.29
31.23,-81.11,29.21
31.23,-81.09,29.17
31.23,-81.07,29.14
31.23,-81.05,29.11
31.23,-81.03,29.06
31.23,-81.01,29.04
31.23,-80.99,29.01
31.23,-80.97,28.95
31.23,-80.95,28.71
31.23,-80.93,28.46
31.23,-80.91,28.32
31.23,-80.89,28.23
31.23,-80.77,28.81
31.23,-80.75,28.82
31.23,-80.73,28.83
31.23,-80.71,28.83
31.23,-80.69,28.89
31.23,-80.67,28.98
31.23,-80.65,29.02
31.23,-80.63,29.02
31.23,-80.61,29.06
31.23,-80.59,29.07
31.23,-80.57,29.13
31.23,-80.55,29.16
31.23,-80.53,29.17
31.23,-80.51,28.84
31.23,-80.49,28.72
31.23,-80.43,29.13
31.23,-80.41,29.1
31.23,-80.39,29.08
31.23,-80.37,29.08
31.23,-80.35,29.09
31.23,-80.33,29.09
31.23,-80.31,29.11
31.23,-80.29,29.09
31.23,-80.27,29.03
31.23,-80.25,28.96
31.23,-80.23,29.02
31.23,-80.21,29.15
31.23,-80.19,29.15
31.23,-80.17,29.24
31.23,-80.15,29.24
31.23,-80.13,29.26
31.23,-80.11,29.29
31.23,-80.09,29.27
31.23,-80.07,29.3
31.23,-80.05,29.39
31.23,-80.03,29.33
31.23,-80.01,29.34
31.23,-79.99,29.34
31.23,-79.97,29.3
31.23,-79.95,29.31
31.23,-79.93,29.3
31.23,-79.91,29.47
31.23,-79.89,29.81
31.23,-79.87,30.12
31.23,-79.85,30.44
31.23,-79.83,30.55
31.23,-79.81,30.53
31.23,-79.79,30.45
31.23,-79.77,30.43
31.23,-79.75,30.47
31.23,-79.73,30.49
31.23,-79.71,30.47
31.23,-79.69,30.46
31.23,-79.67,30.4
31.23,-79.65,30.37
31.23,-79.63,30.44
31.23,-79.61,30.39
31.23,-79.59,30.22
31.23,-79.57,30.14
31.23,-79.55,30.16
31.23,-79.53,30.22
31.23,-79.51,30.3
31.23,-79.49,30.32
31.23,-79.47,30.23
31.23,-79.45,30.24
31.23,-79.43,30.27
31.23,-79.41,30.24
31.23,-79.39,30.17
31.23,-79.37,30.12
31.23,-79.35,30.12
31.23,-79.33,30.18
31.23,-79.31,30.22
31.23,-79.29,30.23
31.23,-79.27,30.23
31.23,-79.25,30.25
31.23,-79.23,30.22
31.23,-79.21,30.23
31.23,-79.19,30.23
31.23,-79.17,30.22
31.23,-79.15,30.23
31.23,-79.13,30.18
31.23,-79.11,30.19
31.23,-79.09,30.31
31.23,-79.07,30.3
31.23,-79.05,30.28
31.23,-79.03,30.27
31.23,-79.01,30.23
31.23,-78.99,30.25
31.23,-78.97,30.22
31.23,-78.95,30.22
31.23,-78.93,30.19
31.23,-78.91,30.18
31.23,-78.89,30.17
31.23,-78.87,30.11
31.23,-78.85,30.12
31.23,-78.83,30.1
31.23,-78.81,30.16
31.23,-78.79,30.16
31.23,-78.77,30.11
31.23,-78.75,30.15
31.23,-78.73,30.17
31.23,-78.71,30.15
31.23,-78.69,30.09
31.23,-78.67,30.0
31.23,-78.65,29.98
31.23,-78.63,29.93
31.23,-78.61,29.78
31.23,-78.59,29.72
31.23,-78.57,29.69
31.23,-78.55,29.76
31.23,-78.53,29.79
31.23,-78.51,29.75
31.23,-78.49,29.72
31.23,-78.47,29.75
31.23,-78.45,29.78
31.23,-78.43,29.76
31.23,-78.41,29.75
31.23,-78.39,29.76
31.23,-78.37,29.87
31.23,-78.35,29.86
31.23,-78.33,29.77
31.23,-78.31,29.67
31.23,-78.29,29.68
31.23,-78.27,29.73
31.23,-78.25,29.77
31.23,-78.23,29.76
31.23,-78.21,29.8
31.23,-78.19,29.86
31.23,-78.17,29.9
31.23,-78.15,29.7
31.23,-78.13,29.71
31.23,-78.11,29.72
31.23,-78.09,29.78
31.23,-78.07,29.76
31.23,-78.05,29.71
31.23,-78.03,29.65
31.23,-78.01,29.64
31.23,-77.99,29.62
31.23,-77.97,29.66
31.23,-77.95,29.66
31.23,-77.93,29.66
31.23,-77.91,29.71
31.23,-77.89,29.73
31.23,-77.87,29.72
31.23,-77.85,29.77
31.23,-77.83,29.8
31.23,-77.81,29.82
31.23,-77.79,29.78
31.23,-77.77,29.78
31.23,-77.75,29.79
31.23,-77.73,29.77
31.23,-77.71,29.78
31.23,-77.69,29.85
31.23,-77.67,29.87
31.23,-77.65,29.82
31.23,-77.63,29.73
31.23,-77.61,29.72
31.23,-77.59,29.76
31.23,-77.57,29.76
31.23,-77.55,29.74
31.23,-77.53,29.76
31.23,-77.51,29.77
31.23,-77.49,29.78
31.23,-77.47,29.8
31.23,-77.45,29.81
31.23,-77.43,29.81
31.23,-77.41,29.84
31.23,-77.39,29.83
31.23,-77.37,29.78
31.23,-77.35,29.76
31.23,-77.33,29.77
31.23,-77.31,29.77
31.23,-77.29,29.8
31.23,-77.27,29.78
31.23,-77.25,29.8
31.23,-77.23,29.85
31.23,-77.21,29.85
31.23,-77.19,29.84
31.23,-77.17,29.88
31.23,-77.15,29.88
31.23,-77.13,29.92
31.23,-77.11,29.92
31.23,-77.09,29.8
31.23,-77.07,29.81
31.23,-77.05,29.89
31.23,-77.03,29.91
31.23,-77.01,29.91
31.23,-76.99,29.94
31.23,-76.97,29.89
31.23,-76.95,29.84
31.23,-76.93,29.76
31.23,-76.91,29.82
31.23,-76.89,29.85
31.23,-76.87,29.87
31.23,-76.85,29.93
31.23,-76.83,30.02
31.23,-76.81,29.99
31.23,-76.79,29.95
31.23,-76.77,30.0
31.23,-76.75,30.07
31.23,-76.73,30.11
31.23,-76.71,30.09
31.23,-76.69,30.05
31.23,-76.67,29.83
31.23,-76.65,29.78
31.23,-76.63,29.76
31.23,-76.61,29.6
31.23,-76.59,29.58
31.23,-76.57,29.65
31.23,-76.23,29.48
31.23,-76.21,29.45
31.23,-76.19,29.56
31.23,-76.17,29.4
31.23,-76.15,29.43
31.23,-76.13,29.47
31.23,-76.07,29.41
31.23,-76.05,29.38
31.21,-81.31,30.96
31.21,-81.29,30.59
31.21,-81.27,30.33
31.21,-81.25,30.06
31.21,-81.23,29.96
31.21,-81.21,29.9
31.21,-81.19,29.85
31.21,-81.17,29.6
31.21,-81.15,29.3
31.21,-81.13,29.28
31.21,-81.11,29.19
31.21,-81.09,29.17
31.21,-81.07,29.14
31.21,-81.05,29.1
31.21,-81.03,29.04
31.21,-81.01,29.03
31.21,-80.99,29.04
31.21,-80.97,29.0
31.21,-80.95,28.81
31.21,-80.93,28.74
31.21,-80.91,28.9
31.21,-80.89,28.96
31.21,-80.87,28.73
31.21,-80.85,28.67
31.21,-80.83,28.72
31.21,-80.81,28.73
31.21,-80.79,28.79
31.21,-80.77,28.85
31.21,-80.75,28.86
31.21,-80.73,28.86
31.21,-80.71,28.89
31.21,-80.69,28.97
31.21,-80.67,29.05
31.21,-80.65,29.13
31.21,-80.63,29.1
31.21,-80.61,29.18
31.21,-80.59,29.14
31.21,-80.57,29.16
31.21,-80.55,29.14
31.21,-80.53,29.03
31.21,-80.51,28.87
31.21,-80.47,28.84
31.21,-80.45,29.08
31.21,-80.43,29.11
31.21,-80.41,29.11
31.21,-80.39,29.09
31.21,-80.37,29.11
31.21,-80.35,29.09
31.21,-80.33,29.09
31.21,-80.31,29.08
31.21,-80.29,29.08
31.21,-80.27,29.05
31.21,-80.25,28.99
31.21,-80.23,29.1
31.21,-80.21,29.16
31.21,-80.19,29.18
31.21,-80.17,29.25
31.21,-80.15,29.34
31.21,-80.13,29.3
31.21,-80.11,29.3
31.21,-80.09,29.31
31.21,-80.07,29.38
31.21,-80.05,29.35
31.21,-80.03,29.36
31.21,-80.01,29.31
31.21,-79.99,29.3
31.21,-79.97,29.32
31.21,-79.95,29.33
31.21,-79.93,29.34
31.21,-79.91,29.67
31.21,-79.89,29.93
31.21,-79.87,30.27
31.21,-79.85,30.51
31.21,-79.83,30.55
31.21,-79.81,30.52
31.21,-79.79,30.48
31.21,-79.77,30.47
31.21,-79.75,30.48
31.21,-79.73,30.44
31.21,-79.71,30.39
31.21,-79.69,30.4
31.21,-79.67,30.42
31.21,-79.65,30.4
31.21,-79.63,30.41
31.21,-79.61,30.27
31.21,-79.59,30.19
31.21,-79.57,30.19
31.21,-79.55,30.29
31.21,-79.53,30.32
31.21,-79.51,30.29
31.21,-79.49,30.25
31.21,-79.47,30.24
31.21,-79.45,30.29
31.21,-79.43,30.31
31.21,-79.41,30.21
31.21,-79.39,30.13
31.21,-79.37,30.11
31.21,-79.35,30.18
31.21,-79.33,30.23
31.21,-79.31,30.28
31.21,-79.29,30.25
31.21,-79.27,30.24
31.21,-79.25,30.24
31.21,-79.23,30.23
31.21,-79.21,30.26
31.21,-79.19,30.21
31.21,-79.17,30.23
31.21,-79.15,30.25
31.21,-79.13,30.23
31.21,-79.11,30.35
31.21,-79.09,30.34
31.21,-79.07,30.33
31.21,-79.05,30.28
31.21,-79.03,30.24
31.21,-79.01,30.23
31.21,-78.99,30.24
31.21,-78.97,30.2
31.21,-78.95,30.21
31.21,-78.93,30.2
31.21,-78.91,30.17
31.21,-78.89,30.13
31.21,-78.87,30.09
31.21,-78.85,30.12
31.21,-78.83,30.2
31.21,-78.81,30.2
31.21,-78.79,30.18
31.21,-78.77,30.13
31.21,-78.75,30.13
31.21,-78.73,30.11
31.21,-78.71,30.12
31.21,-78.69,29.94
31.21,-78.67,29.87
31.21,-78.65,29.79
31.21,-78.63,29.8
31.21,-78.61,29.78
31.21,-78.59,29.74
31.21,-78.57,29.7
31.21,-78.55,29.74
31.21,-78.53,29.7
31.21,-78.51,29.75
31.21,-78.49,29.76
31.21,-78.47,29.71
31.21,-78.45,29.69
31.21,-78.43,29.72
31.21,-78.41,29.75
31.21,-78.39,29.74
31.21,-78.37,29.7
31.21,-78.35,29.7
31.21,-78.33,29.66
31.21,-78.31,29.66
31.21,-78.29,29.7
31.21,-78.27,29.74
31.21,-78.25,29.76
31.21,-78.23,29.79
31.21,-78.21,29.79
31.21,-78.19,29.79
31.21,-78.17,29.79
31.21,-78.15,29.81
31.21,-78.13,29.78
31.21,-78.11,29.73
31.21,-78.09,29.76
31.21,-78.07,29.74
31.21,-78.05,29.7
31.21,-78.03,29.66
31.21,-78.01,29.63
31.21,-77.99,29.61
31.21,-77.97,29.65
31.21,-77.95,29.65
31.21,-77.93,29.67
31.21,-77.91,29.75
31.21,-77.89,29.73
31.21,-77.87,29.68
31.21,-77.85,29.7
31.21,-77.83,29.78
31.21,-77.81,29.79
31.21,-77.79,29.76
31.21,-77.77,29.76
31.21,-77.75,29.75
31.21,-77.73,29.79
31.21,-77.71,29.82
31.21,-77.69,29.78
31.21,-77.67,29.76
31.21,-77.65,29.76
31.21,-77.63,29.78
31.21,-77.61,29.76
31.21,-77.59,29.73
31.21,-77.57,29.71
31.21,-77.55,29.68
31.21,-77.53,29.71
31.21,-77.51,29.76
31.21,-77.49,29.76
31.21,-77.47,29.79
31.21,-77.45,29.72
31.21,-77.43,29.7
31.21,-77.41,29.84
31.21,-77.39,29.81
31.21,-77.37,29.75
31.21,-77.35,29.74
31.21,-77.33,29.7
31.21,-77.31,29.71
31.21,-77.29,29.81
31.21,-77.27,29.78
31.21,-77.25,29.78
31.21,-77.23,29.84
31.21,-77.21,29.86
31.21,-77.19,29.86
31.21,-77.17,29.85
31.21,-77.15,29.83
31.21,-77.13,29.83
31.21,-77.11,29.83
31.21,-77.09,29.83
31.21,-77.07,29.84
31.21,-77.05,29.89
31.21,-77.03,29.9
31.21,-77.01,29.95
31.21,-76.99,29.93
31.21,-76.97,29.92
31.21,-76.95,29.92
31.21,-76.93,29.91
31.21,-76.91,29.96
31.21,-76.89,29.93
31.21,-76.87,29.88
31.21,-76.85,29.89
31.21,-76.83,29.96
31.21,-76.81,29.96
31.21,-76.75,30.21
31.21,-76.73,30.11
31.21,-76.71,29.96
31.21,-76.69,29.83
31.21,-76.67,29.78
31.21,-76.63,29.68
31.21,-76.51,29.75
31.21,-76.49,29.75
31.21,-76.23,29.45
31.21,-76.21,29.49
31.21,-76.19,29.41
31.21,-76.17,29.37
31.21,-76.15,29.44
31.21,-76.13,29.43
31.21,-76.11,29.44
31.21,-76.09,29.58
31.21,-76.07,29.56
31.19,-81.33,30.77
31.19,-81.31,30.78
31.19,-81.29,30.34
31.19,-81.27,30.21
31.19,-81.25,30.1
31.19,-81.23,30.1
31.19,-81.21,29.91
31.19,-81.19,29.69
31.19,-81.17,29.38
31.19,-81.15,29.33
31.19,-81.13,29.31
31.19,-81.11,29.17
31.19,-81.09,29.18
31.19,-81.07,29.13
31.19,-81.05,29.12
31.19,-81.03,29.07
31.19,-81.01,29.02
31.19,-80.99,29.06
31.19,-80.97,29.03
31.19,-80.95,28.96
31.19,-80.93,28.89
31.19,-80.91,28.84
31.19,-80.89,28.79
31.19,-80.87,28.77
31.19,-80.85,28.69
31.19,-80.83,28.76
31.19,-80.81,28.78
31.19,-80.79,28.79
31.19,-80.77,28.84
31.19,-80.75,28.84
31.19,-80.73,28.87
31.19,-80.71,28.98
31.19,-80.69,29.1
31.19,-80.67,29.15
31.19,-80.65,29.21
31.19,-80.63,29.17
31.19,-80.61,29.21
31.19,-80.59,29.17
31.19,-80.57,29.19
31.19,-80.55,29.14
31.19,-80.53,29.09
31.19,-80.51,29.05
31.19,-80.49,29.19
31.19,-80.47,29.03
31.19,-80.45,29.12
31.19,-80.43,29.12
31.19,-80.41,29.12
31.19,-80.39,29.12
31.19,-80.37,29.06
31.19,-80.35,29.06
31.19,-80.33,29.02
31.19,-80.31,29.04
31.19,-80.29,29.08
31.19,-80.27,29.06
31.19,-80.25,29.09
31.19,-80.23,29.16
31.19,-80.21,29.18
31.19,-80.19,29.19
31.19,-80.17,29.25
31.19,-80.15,29.28
31.19,-80.13,29.27
31.19,-80.11,29.29
31.19,-80.09,29.37
31.19,-80.07,29.32
31.19,-80.05,29.31
31.19,-80.03,29.27
31.19,-80.01,29.22
31.19,-79.99,29.26
31.19,-79.97,29.35
31.19,-79.95,29.38
31.19,-79.93,29.44
31.19,-79.91,29.79
31.19,-79.89,30.33
31.19,-79.87,30.46
31.19,-79.85,30.52
31.19,-79.83,30.49
31.19,-79.81,30.48
31.19,-79.79,30.48
31.19,-79.77,30.47
31.19,-79.75,30.49
31.19,-79.73,30.41
31.19,-79.71,30.38
31.19,-79.69,30.44
31.19,-79.67,30.41
31.19,-79.65,30.33
31.19,-79.63,30.34
31.19,-79.61,30.32
31.19,-79.59,30.31
31.19,-79.57,30.32
31.19,-79.55,30.31
31.19,-79.53,30.27
31.19,-79.51,30.31
31.19,-79.49,30.3
31.19,-79.47,30.35
31.19,-79.45,30.32
31.19,-79.43,30.22
31.19,-79.41,30.21
31.19,-79.39,30.19
31.19,-79.37,30.2
31.19,-79.35,30.22
31.19,-79.33,30.23
31.19,-79.31,30.26
31.19,-79.29,30.24
31.19,-79.27,30.24
31.19,-79.25,30.22
31.19,-79.23,30.24
31.19,-79.21,30.26
31.19,-79.19,30.25
31.19,-79.17,30.26
31.19,-79.15,30.31
31.19,-79.13,30.35
31.19,-79.11,30.4
31.19,-79.09,30.34
31.19,-79.07,30.3
31.19,-79.05,30.26
31.19,-79.03,30.25
31.19,-79.01,30.22
31.19,-78.99,30.21
31.19,-78.97,30.2
31.19,-78.95,30.2
31.19,-78.93,30.17
31.19,-78.91,30.09
31.19,-78.89,30.07
31.19,-78.87,30.12
31.19,-78.85,30.16
31.19,-78.83,30.2
31.19,-78.81,30.18
31.19,-78.79,30.13
31.19,-78.77,30.12
31.19,-78.75,30.05
31.19,-78.73,30.05
31.19,-78.71,30.04
31.19,-78.69,29.96
31.19,-78.67,29.76
31.19,-78.65,29.71
31.19,-78.63,29.72
31.19,-78.61,29.69
31.19,-78.59,29.68
31.19,-78.57,29.69
31.19,-78.55,29.69
31.19,-78.53,29.69
31.19,-78.51,29.72
31.19,-78.49,29.69
31.19,-78.47,29.67
31.19,-78.45,29.65
31.19,-78.43,29.67
31.19,-78.41,29.7
31.19,-78.39,29.7
31.19,-78.37,29.65
31.19,-78.35,29.64
31.19,-78.33,29.68
31.19,-78.31,29.73
31.19,-78.29,29.73
31.19,-78.27,29.72
31.19,-78.25,29.74
31.19,-78.23,29.78
31.19,-78.21,29.8
31.19,-78.19,29.82
31.19,-78.17,29.81
31.19,-78.15,29.81
31.19,-78.13,29.76
31.19,-78.11,29.76
31.19,-78.09,29.75
31.19,-78.07,29.72
31.19,-78.05,29.7
31.19,-78.03,29.69
31.19,-78.01,29.61
31.19,-77.99,29.53
31.19,-77.97,29.62
31.19,-77.95,29.69
31.19,-77.93,29.72
31.19,-77.91,29.7
31.19,-77.89,29.66
31.19,-77.87,29.67
31.19,-77.85,29.8
31.19,-77.83,29.81
31.19,-77.81,29.77
31.19,-77.79,29.71
31.19,-77.77,29.71
31.19,-77.75,29.82
31.19,-77.73,29.9
31.19,-77.71,29.79
31.19,-77.69,29.74
31.19,-77.67,29.75
31.19,-77.65,29.79
31.19,-77.63,29.81
31.19,-77.61,29.72
31.19,-77.59,29.71
31.19,-77.57,29.72
31.19,-77.55,29.71
31.19,-77.53,29.72
31.19,-77.51,29.74
31.19,-77.49,29.71
31.19,-77.47,29.7
31.19,-77.45,29.66
31.19,-77.43,29.68
31.19,-77.41,29.75
31.19,-77.39,29.71
31.19,-77.37,29.65
31.19,-77.35,29.69
31.19,-77.33,29.66
31.19,-77.31,29.74
31.19,-77.29,29.74
31.19,-77.27,29.7
31.19,-77.25,29.73
31.19,-77.23,29.83
31.19,-77.21,29.82
31.19,-77.19,29.79
31.19,-77.17,29.77
31.19,-77.15,29.78
31.19,-77.13,29.83
31.19,-77.11,29.9
31.19,-77.09,29.9
31.19,-77.07,29.85
31.19,-77.05,29.87
31.19,-77.03,29.93
31.19,-77.01,29.98
31.19,-76.99,29.96
31.19,-76.97,29.94
31.19,-76.95,29.97
31.19,-76.93,29.97
31.19,-76.91,29.96
31.19,-76.89,29.91
31.19,-76.87,30.08
31.19,-76.85,30.12
31.19,-76.83,30.11
31.19,-76.77,30.15
31.19,-76.75,30.16
31.19,-76.73,30.0
31.19,-76.71,29.84
31.19,-76.69,29.79
31.19,-76.65,29.91
31.19,-76.63,29.99
31.19,-76.45,29.6
31.19,-76.43,29.57
31.19,-76.41,29.59
31.19,-76.17,29.47
31.19,-76.15,29.58
31.19,-76.13,29.63
31.19,-76.11,29.68
31.19,-76.09,29.61
31.19,-76.07,29.42
31.17,-81.31,30.69
31.17,-81.29,30.37
31.17,-81.27,30.4
31.17,-81.25,30.12
31.17,-81.23,29.67
31.17,-81.21,29.38
31.17,-81.19,29.43
31.17,-81.17,29.37
31.17,-81.15,29.31
31.17,-81.13,29.24
31.17,-81.11,29.15
31.17,-81.09,29.23
31.17,-81.07,29.1
31.17,-81.05,29.1
31.17,-81.03,29.1
31.17,-81.01,29.02
31.17,-80.99,28.99
31.17,-80.97,29.05
31.17,-80.95,28.97
31.17,-80.93,28.83
31.17,-80.91,28.85
31.17,-80.89,28.81
31.17,-80.87,28.8
31.17,-80.85,28.77
31.17,-80.83,28.8
31.17,-80.81,28.86
31.17,-80.79,28.83
31.17,-80.77,28.79
31.17,-80.75,28.86
31.17,-80.73,29.0
31.17,-80.71,29.12
31.17,-80.69,29.15
31.17,-80.67,29.16
31.17,-80.65,29.17
31.17,-80.63,29.16
31.17,-80.61,29.2
31.17,-80.59,29.22
31.17,-80.57,29.25
31.17,-80.55,29.22
31.17,-80.53,29.19
31.17,-80.51,29.18
31.17,-80.49,29.21
31.17,-80.47,29.19
31.17,-80.45,29.16
31.17,-80.43,29.17
31.17,-80.41,29.12
31.17,-80.39,29.11
31.17,-80.37,29.08
31.17,-80.35,29.07
31.17,-80.33,29.06
31.17,-80.31,29.09
31.17,-80.29,29.09
31.17,-80.27,29.05
31.17,-80.25,29.12
31.17,-80.23,29.21
31.17,-80.21,29.25
31.17,-80.19,29.23
31.17,-80.17,29.25
31.17,-80.15,29.23
31.17,-80.13,29.24
31.17,-80.11,29.31
31.17,-80.09,29.33
31.17,-80.07,29.3
31.17,-80.05,29.25
31.17,-80.03,29.27
31.17,-80.01,29.28
31.17,-79.99,29.29
31.17,-79.97,29.28
31.17,-79.95,29.35
31.17,-79.93,29.7
31.17,-79.91,30.21
31.17,-79.89,30.36
31.17,-79.87,30.5
31.17,-79.85,30.48
31.17,-79.83,30.43
31.17,-79.81,30.45
31.17,-79.79,30.46
31.17,-79.77,30.5
31.17,-79.75,30.45
31.17,-79.73,30.45
31.17,-79.71,30.44
31.17,-79.69,30.42
31.17,-79.67,30.37
31.17,-79.65,30.32
31.17,-79.63,30.34
31.17,-79.61,30.34
31.17,-79.59,30.33
31.17,-79.57,30.3
31.17,-79.55,30.26
31.17,-79.53,30.32
31.17,-79.51,30.38
31.17,-79.49,30.39
31.17,-79.47,30.36
31.17,-79.45,30.29
31.17,-79.43,30.23
31.17,-79.41,30.23
31.17,-79.39,30.26
31.17,-79.37,30.19
31.17,-79.35,30.23
31.17,-79.33,30.22
31.17,-79.31,30.21
31.17,-79.29,30.19
31.17,-79.27,30.23
31.17,-79.25,30.27
31.17,-79.23,30.3
31.17,-79.21,30.29
31.17,-79.19,30.29
31.17,-79.17,30.28
31.17,-79.15,30.36
31.17,-79.13,30.39
31.17,-79.11,30.35
31.17,-79.09,30.33
31.17,-79.07,30.32
31.17,-79.05,30.25
31.17,-79.03,30.23
31.17,-79.01,30.2
31.17,-78.99,30.19
31.17,-78.97,30.18
31.17,-78.95,30.11
31.17,-78.93,30.08
31.17,-78.91,30.08
31.17,-78.89,30.12
31.17,-78.87,30.18
31.17,-78.85,30.21
31.17,-78.83,30.2
31.17,-78.81,30.09
31.17,-78.79,30.07
31.17,-78.77,30.05
31.17,-78.75,29.98
31.17,-78.73,29.93
31.17,-78.71,29.92
31.17,-78.69,29.82
31.17,-78.67,29.75
31.17,-78.65,29.7
31.17,-78.63,29.68
31.17,-78.61,29.67
31.17,-78.59,29.68
31.17,-78.57,29.68
31.17,-78.55,29.7
31.17,-78.53,29.69
31.17,-78.51,29.68
31.17,-78.49,29.65
31.17,-78.41,29.66
31.17,-78.37,29.66
31.17,-78.35,29.68
31.17,-78.33,29.71
31.17,-78.31,29.74
31.17,-78.29,29.74
31.17,-78.27,29.7
31.17,-78.25,29.72
31.17,-78.23,29.75
31.17,-78.21,29.79
31.17,-78.19,29.79
31.17,-78.17,29.77
31.17,-78.15,29.8
31.17,-78.13,29.75
31.17,-78.11,29.73
31.17,-78.09,29.71
31.17,-78.07,29.71
31.17,-78.05,29.71
31.17,-78.03,29.67
31.17,-78.01,29.58
31.17,-77.99,29.62
31.17,-77.97,29.66
31.17,-77.95,29.69
31.17,-77.93,29.69
31.17,-77.91,29.66
31.17,-77.89,29.65
31.17,-77.87,29.74
31.17,-77.85,29.78
31.17,-77.83,29.75
31.17,-77.81,29.71
31.17,-77.79,29.65
31.17,-77.77,29.71
31.17,-77.75,29.75
31.17,-77.73,29.86
31.17,-77.71,29.7
31.17,-77.69,29.74
31.17,-77.67,29.81
31.17,-77.65,29.76
31.17,-77.63,29.74
31.17,-77.61,29.73
31.17,-77.59,29.74
31.17,-77.57,29.71
31.17,-77.55,29.69
31.17,-77.53,29.7
31.17,-77.51,29.71
31.17,-77.49,29.7
31.17,-77.47,29.7
31.17,-77.45,29.63
31.17,-77.43,29.65
31.17,-77.41,29.69
31.17,-77.39,29.55
31.17,-77.37,29.58
31.17,-77.35,29.46
31.17,-77.33,29.54
31.17,-77.31,29.7
31.17,-77.29,29.72
31.17,-77.27,29.7
31.17,-77.25,29.74
31.17,-77.23,29.75
31.17,-77.21,29.8
31.17,-77.19,29.81
31.17,-77.17,29.78
31.17,-77.15,29.83
31.17,-77.13,29.87
31.17,-77.11,29.87
31.17,-77.09,29.9
31.17,-77.07,29.92
31.17,-77.05,29.93
31.17,-77.03,29.93
31.17,-77.01,29.91
31.17,-76.99,29.92
31.17,-76.97,29.94
31.17,-76.95,30.0
31.17,-76.93,30.0
31.17,-76.91,29.97
31.17,-76.89,29.99
31.17,-76.87,30.12
31.17,-76.85,30.16
31.17,-76.83,30.05
31.17,-76.81,30.09
31.17,-76.79,30.12
31.17,-76.77,30.09
31.17,-76.75,30.06
31.17,-76.73,29.73
31.17,-76.69,29.77
31.17,-76.67,29.91
31.17,-76.65,29.92
31.17,-76.51,29.69
31.17,-76.49,29.68
31.17,-76.47,29.66
31.17,-76.45,29.63
31.17,-76.43,29.6
31.17,-76.37,29.55
31.17,-76.17,29.45
31.17,-76.15,29.52
31.17,-76.13,29.55
31.17,-76.11,29.56
31.17,-76.09,29.53
31.17,-76.07,29.4
31.17,-76.05,29.37
31.15,-81.33,30.59
31.15,-81.31,30.56
31.15,-81.29,30.35
31.15,-81.27,30.4
31.15,-81.25,29.95
31.15,-81.23,29.44
31.15,-81.21,29.38
31.15,-81.19,29.29
31.15,-81.17,29.22
31.15,-81.15,29.19
31.15,-81.13,29.13
31.15,-81.11,29.15
31.15,-81.09,29.21
31.15,-81.07,29.15
31.15,-81.05,29.1
31.15,-81.03,29.04
31.15,-81.01,29.01
31.15,-80.99,28.94
31.15,-80.97,28.96
31.15,-80.95,28.88
31.15,-80.93,28.87
31.15,-80.91,28.82
31.15,-80.89,28.82
31.15,-80.87,28.78
31.15,-80.85,28.87
31.15,-80.83,28.89
31.15,-80.81,28.94
31.15,-80.79,28.92
31.15,-80.77,28.92
31.15,-80.75,28.99
31.15,-80.73,29.09
31.15,-80.71,29.17
31.15,-80.69,29.18
31.15,-80.67,29.13
31.15,-80.65,29.18
31.15,-80.63,29.22
31.15,-80.61,29.21
31.15,-80.59,29.24
31.15,-80.57,29.27
31.15,-80.55,29.22
31.15,-80.53,29.21
31.15,-80.51,29.21
31.15,-80.49,29.23
31.15,-80.47,29.25
31.15,-80.45,29.25
31.15,-80.43,29.26
31.15,-80.41,29.24
31.15,-80.39,29.14
31.15,-80.37,29.09
31.15,-80.35,29.12
31.15,-80.33,29.15
31.15,-80.31,29.13
31.15,-80.29,29.13
31.15,-80.27,29.12
31.15,-80.25,29.24
31.15,-80.23,29.27
31.15,-80.21,29.28
31.15,-80.19,29.26
31.15,-80.17,29.21
31.15,-80.15,29.19
31.15,-80.13,29.21
31.15,-80.11,29.25
31.15,-80.09,29.29
31.15,-80.07,29.27
31.15,-80.05,29.27
31.15,-80.03,29.32
31.15,-80.01,29.27
31.15,-79.99,29.32
31.15,-79.97,29.33
31.15,-79.95,29.63
31.15,-79.93,30.15
31.15,-79.91,30.3
31.15,-79.89,30.31
31.15,-79.87,30.42
31.15,-79.85,30.39
31.15,-79.83,30.45
31.15,-79.81,30.49
31.15,-79.79,30.44
31.15,-79.77,30.43
31.15,-79.75,30.44
31.15,-79.73,30.47
31.15,-79.71,30.45
31.15,-79.69,30.42
31.15,-79.67,30.4
31.15,-79.65,30.43
31.15,-79.63,30.41
31.15,-79.61,30.35
31.15,-79.59,30.3
31.15,-79.57,30.29
31.15,-79.55,30.3
31.15,-79.53,30.39
31.15,-79.51,30.38
31.15,-79.49,30.34
31.15,-79.47,30.31
31.15,-79.45,30.28
31.15,-79.43,30.3
31.15,-79.41,30.29
31.15,-79.39,30.22
31.15,-79.37,30.23
31.15,-79.35,30.22
31.15,-79.33,30.24
31.15,-79.31,30.22
31.15,-79.29,30.23
31.15,-79.27,30.28
31.15,-79.25,30.26
31.15,-79.23,30.24
31.15,-79.21,30.23
31.15,-79.19,30.29
31.15,-79.17,30.36
31.15,-79.15,30.39
31.15,-79.13,30.36
31.15,-79.11,30.33
31.15,-79.09,30.33
31.15,-79.07,30.29
31.15,-79.05,30.25
31.15,-79.03,30.23
31.15,-79.01,30.2
31.15,-78.99,30.12
31.15,-78.97,30.05
31.15,-78.95,30.05
31.15,-78.93,30.09
31.15,-78.91,30.15
31.15,-78.89,30.17
31.15,-78.87,30.16
31.15,-78.85,30.13
31.15,-78.83,30.08
31.15,-78.81,30.07
31.15,-78.79,30.09
31.15,-78.77,29.97
31.15,-78.75,29.88
31.15,-78.73,29.8
31.15,-78.71,29.74
31.15,-78.69,29.71
31.15,-78.67,29.71
31.15,-78.65,29.69
31.15,-78.63,29.68
31.15,-78.61,29.7
31.15,-78.59,29.72
31.15,-78.57,29.73
31.15,-78.55,29.7
31.15,-78.53,29.67
31.15,-78.37,29.62
31.15,-78.35,29.64
31.15,-78.33,29.71
31.15,-78.31,29.76
31.15,-78.29,29.72
31.15,-78.27,29.66
31.15,-78.25,29.72
31.15,-78.23,29.75
31.15,-78.21,29.75
31.15,-78.19,29.75
31.15,-78.17,29.8
31.15,-78.15,29.77
31.15,-78.13,29.63
31.15,-78.11,29.63
31.15,-78.09,29.65
31.15,-78.07,29.7
31.15,-78.05,29.71
31.15,-78.03,29.67
31.15,-78.01,29.65
31.15,-77.99,29.68
31.15,-77.97,29.71
31.15,-77.95,29.61
31.15,-77.93,29.62
31.15,-77.91,29.68
31.15,-77.89,29.67
31.15,-77.87,29.74
31.15,-77.85,29.72
31.15,-77.83,29.71
31.15,-77.81,29.74
31.15,-77.79,29.66
31.15,-77.77,29.66
31.15,-77.75,29.67
31.15,-77.73,29.63
31.15,-77.71,29.68
31.15,-77.69,29.73
31.15,-77.67,29.76
31.15,-77.65,29.75
31.15,-77.63,29.76
31.15,-77.61,29.77
31.15,-77.59,29.76
31.15,-77.57,29.72
31.15,-77.55,29.7
31.15,-77.53,29.71
31.15,-77.51,29.74
31.15,-77.49,29.72
31.15,-77.47,29.78
31.15,-77.45,29.77
31.15,-77.43,29.68
31.15,-77.41,29.51
31.15,-77.39,29.42
31.15,-77.37,29.47
31.15,-77.35,29.53
31.15,-77.33,29.56
31.15,-77.31,29.65
31.15,-77.29,29.7
31.15,-77.27,29.72
31.15,-77.25,29.73
31.15,-77.23,29.75
31.15,-77.21,29.79
31.15,-77.19,29.82
31.15,-77.17,29.84
31.15,-77.15,29.85
31.15,-77.13,29.88
31.15,-77.11,29.89
31.15,-77.09,29.93
31.15,-77.07,29.9
31.15,-77.05,29.88
31.15,-77.03,29.89
31.15,-77.01,29.91
31.15,-76.99,29.92
31.15,-76.97,29.94
31.15,-76.95,29.93
31.15,-76.93,29.9
31.15,-76.91,29.9
31.15,-76.89,29.92
31.15,-76.87,29.94
31.15,-76.85,29.99
31.15,-76.83,29.91
31.15,-76.81,29.85
31.15,-76.79,29.81
31.15,-76.77,29.73
31.15,-76.75,29.74
31.15,-76.73,29.76
31.15,-76.71,29.68
31.15,-76.69,29.72
31.15,-76.67,29.86
31.15,-76.65,29.82
31.15,-76.57,29.61
31.15,-76.55,29.56
31.15,-76.49,29.92
31.15,-76.47,29.9
31.15,-76.15,29.47
31.15,-76.13,29.45
31.15,-76.11,29.45
31.15,-76.09,29.4
31.15,-76.07,29.39
31.15,-76.05,29.38
31.13,-81.37,30.83
31.13,-81.35,30.57
31.13,-81.33,30.56
31.13,-81.31,30.52
31.13,-81.29,30.45
31.13,-81.27,30.4
31.13,-81.25,29.75
31.13,-81.23,29.31
31.13,-81.21,29.25
31.13,-81.19,29.24
31.13,-81.17,29.14
31.13,-81.15,29.09
31.13,-81.13,29.11
31.13,-81.11,29.1
31.13,-81.09,29.14
31.13,-81.07,29.09
31.13,-81.05,29.05
31.13,-81.03,29.04
31.13,-81.01,28.98
31.13,-80.99,28.85
31.13,-80.97,28.84
31.13,-80.95,28.85
31.13,-80.93,28.8
31.13,-80.91,28.83
31.13,-80.89,28.8
31.13,-80.87,28.77
31.13,-80.85,28.89
31.13,-80.83,28.95
31.13,-80.81,29.02
31.13,-80.79,29.04
31.13,-80.77,29.06
31.13,-80.75,29.1
31.13,-80.73,29.17
31.13,-80.71,29.22
31.13,-80.69,29.22
31.13,-80.67,29.2
31.13,-80.65,29.22
31.13,-80.63,29.23
31.13,-80.61,29.24
31.13,-80.59,29.32
31.13,-80.57,29.25
31.13,-80.55,29.19
31.13,-80.53,29.22
31.13,-80.51,29.23
31.13,-80.49,29.23
31.13,-80.47,29.25
31.13,-80.45,29.28
31.13,-80.43,29.33
31.13,-80.41,29.26
31.13,-80.39,29.18
31.13,-80.37,29.16
31.13,-80.35,29.19
31.13,-80.33,29.17
31.13,-80.31,29.16
31.13,-80.29,29.28
31.13,-80.27,29.28
31.13,-80.25,29.33
31.13,-80.23,29.33
31.13,-80.21,29.29
31.13,-80.19,29.24
31.13,-80.17,29.18
31.13,-80.15,29.19
31.13,-80.13,29.19
31.13,-80.11,29.23
31.13,-80.09,29.27
31.13,-80.07,29.27
31.13,-80.05,29.24
31.13,-80.03,29.28
31.13,-80.01,29.31
31.13,-79.99,29.39
31.13,-79.97,29.47
31.13,-79.95,29.82
31.13,-79.93,30.27
31.13,-79.91,30.39
31.13,-79.89,30.37
31.13,-79.87,30.43
31.13,-79.85,30.4
31.13,-79.83,30.38
31.13,-79.81,30.38
31.13,-79.79,30.39
31.13,-79.77,30.43
31.13,-79.75,30.44
31.13,-79.73,30.45
31.13,-79.71,30.43
31.13,-79.69,30.42
31.13,-79.67,30.45
31.13,-79.65,30.45
31.13,-79.63,30.41
31.13,-79.61,30.36
31.13,-79.59,30.33
31.13,-79.57,30.34
31.13,-79.55,30.39
31.13,-79.53,30.37
31.13,-79.51,30.31
31.13,-79.49,30.29
31.13,-79.47,30.3
31.13,-79.45,30.31
31.13,-79.43,30.34
31.13,-79.41,30.29
31.13,-79.39,30.25
31.13,-79.37,30.26
31.13,-79.35,30.23
31.13,-79.33,30.28
31.13,-79.31,30.32
31.13,-79.29,30.29
31.13,-79.27,30.26
31.13,-79.25,30.21
31.13,-79.23,30.24
31.13,-79.21,30.27
31.13,-79.19,30.34
31.13,-79.17,30.38
31.13,-79.15,30.37
31.13,-79.13,30.36
31.13,-79.11,30.29
31.13,-79.09,30.3
31.13,-79.07,30.3
31.13,-79.05,30.25
31.13,-79.03,30.21
31.13,-79.01,30.13
31.13,-78.99,30.07
31.13,-78.97,30.09
31.13,-78.95,30.16
31.13,-78.93,30.25
31.13,-78.91,30.24
31.13,-78.89,30.17
31.13,-78.87,30.12
31.13,-78.37,29.71
31.13,-78.35,29.7
31.13,-78.33,29.71
31.13,-78.31,29.72
31.13,-78.29,29.71
31.13,-78.27,29.68
31.13,-78.25,29.72
31.13,-78.23,29.73
31.13,-78.21,29.74
31.13,-78.19,29.78
31.13,-78.17,29.79
31.13,-78.15,29.73
31.13,-78.13,29.55
31.13,-78.11,29.56
31.13,-78.09,29.58
31.13,-78.07,29.68
31.13,-78.05,29.68
31.13,-78.03,29.66
31.13,-78.01,29.66
31.13,-77.99,29.61
31.13,-77.97,29.66
31.13,-77.95,29.65
31.13,-77.93,29.63
31.13,-77.91,29.69
31.13,-77.89,29.68
31.13,-77.87,29.66
31.13,-77.85,29.65
31.13,-77.83,29.76
31.13,-77.81,29.72
31.13,-77.79,29.73
31.13,-77.77,29.79
31.13,-77.75,29.69
31.13,-77.73,29.65
31.13,-77.71,29.7
31.13,-77.69,29.73
31.13,-77.67,29.78
31.13,-77.65,29.79
31.13,-77.63,29.76
31.13,-77.61,29.76
31.13,-77.59,29.78
31.13,-77.57,29.77
31.13,-77.55,29.76
31.13,-77.53,29.74
31.13,-77.51,29.65
31.13,-77.49,29.64
31.13,-77.47,29.73
31.13,-77.45,29.69
31.13,-77.39,29.59
31.13,-77.37,29.62
31.13,-77.35,29.56
31.13,-77.33,29.53
31.13,-77.31,29.53
31.13,-77.29,29.63
31.13,-77.27,29.7
31.13,-77.25,29.7
31.13,-77.23,29.75
31.13,-77.21,29.79
31.13,-77.19,29.86
31.13,-77.17,29.87
31.13,-77.15,29.87
31.13,-77.13,29.95
31.13,-77.11,29.94
31.13,-77.09,29.89
31.13,-77.07,29.87
31.13,-77.05,29.86
31.13,-77.03,29.88
31.13,-77.01,29.91
31.13,-76.99,29.91
31.13,-76.97,29.93
31.13,-76.95,29.93
31.13,-76.93,29.91
31.13,-76.91,29.88
31.13,-76.89,29.88
31.13,-76.87,29.84
31.13,-76.85,29.85
31.13,-76.83,29.88
31.13,-76.81,29.81
31.13,-76.79,29.74
31.13,-76.77,29.63
31.13,-76.75,29.67
31.13,-76.73,29.77
31.13,-76.71,29.75
31.13,-76.69,29.71
31.13,-76.67,29.85
31.13,-76.65,29.82
31.13,-76.49,29.88
31.13,-76.47,29.89
31.13,-76.45,29.68
31.13,-76.43,29.68
31.13,-76.07,29.4
31.13,-76.05,29.39
31.11,-81.37,30.74
31.11,-81.35,30.54
31.11,-81.33,30.61
31.11,-81.31,30.4
31.11,-81.29,30.33
31.11,-81.27,29.94
31.11,-81.25,29.55
31.11,-81.23,29.21
31.11,-81.21,29.13
31.11,-81.19,29.1
31.11,-81.17,29.12
31.11,-81.15,29.11
31.11,-81.13,29.06
31.11,-81.11,29.06
31.11,-81.09,29.08
31.11,-81.07,29.04
31.11,-81.05,28.99
31.11,-81.03,29.02
31.11,-81.01,28.9
31.11,-80.99,28.79
31.11,-80.97,28.81
31.11,-80.95,28.84
31.11,-80.93,28.8
31.11,-80.91,28.78
31.11,-80.89,28.79
31.11,-80.87,28.85
31.11,-80.85,28.93
31.11,-80.83,28.99
31.11,-80.81,29.11
31.11,-80.79,29.11
31.11,-80.77,29.13
31.11,-80.75,29.16
31.11,-80.73,29.24
31.11,-80.71,29.28
31.11,-80.69,29.26
31.11,-80.67,29.26
31.11,-80.65,29.22
31.11,-80.63,29.25
31.11,-80.61,29.29
31.11,-80.59,29.3
31.11,-80.57,29.26
31.11,-80.55,29.22
31.11,-80.53,29.2
31.11,-80.51,29.22
31.11,-80.49,29.24
31.11,-80.47,29.26
31.11,-80.45,29.29
31.11,-80.43,29.27
31.11,-80.41,29.23
31.11,-80.39,29.26
31.11,-80.37,29.27
31.11,-80.35,29.25
31.11,-80.33,29.21
31.11,-80.31,29.26
31.11,-80.29,29.29
31.11,-80.27,29.35
31.11,-80.25,29.35
31.11,-80.23,29.31
31.11,-80.21,29.27
31.11,-80.19,29.22
31.11,-80.17,29.19
31.11,-80.15,29.23
31.11,-80.13,29.21
31.11,-80.11,29.24
31.11,-80.09,29.24
31.11,-80.07,29.21
31.11,-80.05,29.26
31.11,-80.03,29.28
31.11,-80.01,29.37
31.11,-79.99,29.48
31.11,-79.97,29.63
31.11,-79.95,30.12
31.11,-79.93,30.43
31.11,-79.91,30.43
31.11,-79.89,30.39
31.11,-79.87,30.38
31.11,-79.85,30.36
31.11,-79.83,30.36
31.11,-79.81,30.42
31.11,-79.79,30.44
31.11,-79.77,30.43
31.11,-79.75,30.42
31.11,-79.73,30.42
31.11,-79.71,30.45
31.11,-79.69,30.47
31.11,-79.67,30.45
31.11,-79.65,30.44
31.11,-79.63,30.43
31.11,-79.61,30.41
31.11,-79.59,30.37
31.11,-79.57,30.34
31.11,-79.55,30.35
31.11,-79.53,30.36
31.11,-79.51,30.32
31.11,-79.49,30.32
31.11,-79.47,30.3
31.11,-79.45,30.27
31.11,-79.43,30.3
31.11,-79.41,30.31
31.11,-79.39,30.3
31.11,-79.37,30.3
31.11,-79.35,30.31
31.11,-79.33,30.3
31.11,-79.31,30.27
31.11,-79.29,30.23
31.11,-79.27,30.25
31.11,-79.25,30.28
31.11,-79.23,30.33
31.11,-79.21,30.36
31.11,-79.19,30.36
31.11,-79.17,30.35
31.11,-79.15,30.3
31.11,-79.13,30.26
31.11,-79.11,30.27
31.11,-79.09,30.27
31.11,-79.07,30.25
31.11,-79.05,30.22
31.11,-79.03,30.17
31.11,-79.01,30.12
31.11,-78.99,30.07
31.11,-78.95,30.15
31.11,-78.93,30.18
31.11,-78.91,30.2
31.11,-78.35,29.72
31.11,-78.33,29.72
31.11,-78.31,29.71
31.11,-78.23,29.75
31.11,-78.21,29.76
31.11,-78.19,29.77
31.11,-78.17,29.74
31.11,-78.15,29.7
31.11,-78.13,29.63
31.11,-78.11,29.63
31.11,-78.09,29.78
31.11,-78.07,29.68
31.11,-78.05,29.64
31.11,-78.03,29.6
31.11,-78.01,29.63
31.11,-77.99,29.63
31.11,-77.97,29.55
31.11,-77.95,29.5
31.11,-77.93,29.48
31.11,-77.91,29.57
31.11,-77.89,29.59
31.11,-77.87,29.61
31.11,-77.85,29.68
31.11,-77.83,29.68
31.11,-77.81,29.7
31.11,-77.79,29.73
31.11,-77.77,29.72
31.11,-77.75,29.71
31.11,-77.73,29.74
31.11,-77.71,29.77
31.11,-77.69,29.74
31.11,-77.67,29.72
31.11,-77.65,29.72
31.11,-77.63,29.75
31.11,-77.61,29.75
31.11,-77.59,29.76
31.11,-77.57,29.77
31.11,-77.55,29.71
31.11,-77.53,29.68
31.11,-77.51,29.65
31.11,-77.49,29.49
31.11,-77.47,29.49
31.11,-77.45,29.53
31.11,-77.43,29.55
31.11,-77.41,29.57
31.11,-77.39,29.58
31.11,-77.37,29.61
31.11,-77.35,29.49
31.11,-77.33,29.46
31.11,-77.31,29.49
31.11,-77.29,29.57
31.11,-77.27,29.66
31.11,-77.25,29.71
31.11,-77.23,29.8
31.11,-77.21,29.83
31.11,-77.19,29.88
31.11,-77.17,29.9
31.11,-77.15,29.91
31.11,-77.13,29.9
31.11,-77.11,29.84
31.11,-77.09,29.85
31.11,-77.07,29.85
31.11,-77.05,29.86
31.11,-77.03,29.89
31.11,-77.01,29.92
31.11,-76.99,29.91
31.11,-76.97,29.91
31.11,-76.95,29.91
31.11,-76.93,29.91
31.11,-76.91,29.87
31.11,-76.89,29.82
31.11,-76.87,29.81
31.11,-76.85,29.83
31.11,-76.83,29.81
31.11,-76.81,29.75
31.11,-76.79,29.73
31.11,-76.77,29.7
31.11,-76.75,29.67
31.11,-76.73,29.67
31.11,-76.71,29.75
31.11,-76.69,29.74
31.09,-81.39,30.49
31.09,-81.37,30.4
31.09,-81.35,30.36
31.09,-81.33,30.17
31.09,-81.31,30.01
31.09,-81.29,29.9
31.09,-81.27,29.84
31.09,-81.25,29.25
31.09,-81.23,29.13
31.09,-81.21,29.09
31.09,-81.19,29.12
31.09,-81.17,29.11
31.09,-81.15,29.09
31.09,-81.13,29.05
31.09,-81.11,29.01
31.09,-81.09,29.03
31.09,-81.07,28.98
31.09,-81.05,28.95
31.09,-81.03,28.99
31.09,-81.01,28.85
31.09,-80.99,28.78
31.09,-80.97,28.8
31.09,-80.95,28.8
31.09,-80.93,28.78
31.09,-80.91,28.78
31.09,-80.89,28.88
31.09,-80.87,28.95
31.09,-80.85,29.04
31.09,-80.83,29.12
31.09,-80.81,29.13
31.09,-80.79,29.11
31.09,-80.77,29.12
31.09,-80.75,29.17
31.09,-80.73,29.25
31.09,-80.71,29.31
31.09,-80.69,29.26
31.09,-80.67,29.27
31.09,-80.65,29.28
31.09,-80.63,29.29
31.09,-80.61,29.27
31.09,-80.59,29.26
31.09,-80.57,29.22
31.09,-80.55,29.21
31.09,-80.53,29.24
31.09,-80.51,29.22
31.09,-80.49,29.25
31.09,-80.47,29.26
31.09,-80.45,29.27
31.09,-80.43,29.28
31.09,-80.41,29.28
31.09,-80.39,29.28
31.09,-80.37,29.26
31.09,-80.35,29.26
31.09,-80.33,29.27
31.09,-80.31,29.31
31.09,-80.29,29.31
31.09,-80.27,29.33
31.09,-80.25,29.32
31.09,-80.23,29.3
31.09,-80.21,29.24
31.09,-80.19,29.21
31.09,-80.17,29.23
31.09,-80.15,29.24
31.09,-80.13,29.21
31.09,-80.11,29.21
31.09,-80.09,29.21
31.09,-80.07,29.24
31.09,-80.05,29.31
31.09,-80.03,29.38
31.09,-80.01,29.39
31.09,-79.99,29.45
31.09,-79.97,29.85
31.09,-79.95,30.43
31.09,-79.93,30.4
31.09,-79.91,30.37
31.09,-79.89,30.38
31.09,-79.87,30.36
31.09,-79.85,30.36
31.09,-79.83,30.44
31.09,-79.81,30.47
31.09,-79.79,30.44
31.09,-79.77,30.44
31.09,-79.75,30.44
31.09,-79.73,30.41
31.09,-79.71,30.45
31.09,-79.69,30.48
31.09,-79.67,30.46
31.09,-79.65,30.46
31.09,-79.63,30.43
31.09,-79.61,30.36
31.09,-79.59,30.35
31.09,-79.57,30.34
31.09,-79.55,30.35
31.09,-79.53,30.35
31.09,-79.51,30.3
31.09,-79.49,30.31
31.09,-79.47,30.31
31.09,-79.45,30.31
31.09,-79.43,30.32
31.09,-79.41,30.33
31.09,-79.39,30.32
31.09,-79.37,30.31
31.09,-79.35,30.32
31.09,-79.33,30.25
31.09,-79.31,30.22
31.09,-79.29,30.2
31.09,-79.27,30.28
31.09,-79.25,30.32
31.09,-79.23,30.34
31.09,-79.21,30.32
31.09,-79.19,30.28
31.09,-79.17,30.3
31.09,-79.15,30.31
31.09,-79.13,30.3
31.09,-79.11,30.33
31.09,-79.09,30.29
31.09,-79.07,30.25
31.09,-79.05,30.19
31.09,-79.03,30.13
31.09,-79.01,30.0
31.09,-78.99,29.96
31.09,-78.87,29.9
31.09,-78.85,29.9
31.09,-78.83,29.97
31.09,-78.81,29.93
31.09,-78.79,29.91
31.09,-78.41,29.71
31.09,-78.39,29.71
31.09,-78.37,29.71
31.09,-78.35,29.69
31.09,-78.33,29.69
31.09,-78.15,29.66
31.09,-78.13,29.65
31.09,-78.11,29.65
31.09,-78.09,29.7
31.09,-77.99,29.54
31.09,-77.97,29.48
31.09,-77.95,29.5
31.09,-77.93,29.51
31.09,-77.91,29.5
31.09,-77.89,29.5
31.09,-77.87,29.59
31.09,-77.85,29.63
31.09,-77.83,29.68
31.09,-77.81,29.71
31.09,-77.79,29.77
31.09,-77.77,29.7
31.09,-77.75,29.76
31.09,-77.73,29.84
31.09,-77.71,29.77
31.09,-77.69,29.7
31.09,-77.67,29.68
31.09,-77.65,29.7
31.09,-77.63,29.73
31.09,-77.61,29.75
31.09,-77.59,29.75
31.09,-77.57,29.73
31.09,-77.55,29.71
31.09,-77.53,29.7
31.09,-77.51,29.65
31.09,-77.49,29.61
31.09,-77.47,29.54
31.09,-77.45,29.73
31.09,-77.43,29.76
31.09,-77.41,29.57
31.09,-77.39,29.54
31.09,-77.37,29.54
31.09,-77.35,29.52
31.09,-77.33,29.48
31.09,-77.31,29.54
31.09,-77.29,29.61
31.09,-77.27,29.67
31.09,-77.25,29.72
31.09,-77.23,29.73
31.09,-77.21,29.78
31.09,-77.19,29.86
31.09,-77.17,29.87
31.09,-77.15,29.84
31.09,-77.13,29.85
31.09,-77.11,29.83
31.09,-77.09,29.83
31.09,-77.07,29.86
31.09,-77.05,29.87
31.09,-77.03,29.87
31.09,-77.01,29.91
31.09,-76.99,29.91
31.09,-76.97,29.9
31.09,-76.95,30.0
31.09,-76.93,29.99
31.09,-76.91,29.89
31.09,-76.89,29.82
31.09,-76.87,29.84
31.09,-76.85,29.87
31.09,-76.83,29.79
31.09,-76.81,29.66
31.09,-76.79,29.62
31.09,-76.77,29.64
31.09,-76.75,29.67
31.09,-76.73,29.68
31.09,-76.55,29.83
31.09,-76.53,29.84
31.09,-76.49,29.77
31.09,-76.47,29.77
31.09,-76.45,29.86
31.09,-76.43,29.89
31.07,-81.39,30.6
31.07,-81.37,30.39
31.07,-81.35,30.16
31.07,-81.33,30.05
31.07,-81.31,29.77
31.07,-81.29,29.61
31.07,-81.27,29.53
31.07,-81.25,29.18
31.07,-81.23,29.18
31.07,-81.21,29.17
31.07,-81.19,29.15
31.07,-81.17,29.14
31.07,-81.15,29.05
31.07,-81.13,28.99
31.07,-81.11,29.0
31.07,-81.09,28.96
31.07,-81.07,28.92
31.07,-81.05,28.92
31.07,-81.03,28.89
31.07,-81.01,28.77
31.07,-80.99,28.74
31.07,-80.97,28.78
31.07,-80.95,28.81
31.07,-80.93,28.86
31.07,-80.91,28.83
31.07,-80.89,28.97
31.07,-80.87,29.08
31.07,-80.85,29.17
31.07,-80.83,29.15
31.07,-80.81,29.12
31.07,-80.79,29.16
31.07,-80.77,29.16
31.07,-80.75,29.2
31.07,-80.73,29.23
31.07,-80.71,29.3
31.07,-80.69,29.29
31.07,-80.67,29.25
31.07,-80.65,29.25
31.07,-80.63,29.23
31.07,-80.61,29.2
31.07,-80.59,29.22
31.07,-80.57,29.23
31.07,-80.55,29.2
31.07,-80.53,29.26
31.07,-80.51,29.27
31.07,-80.49,29.27
31.07,-80.47,29.24
31.07,-80.45,29.27
31.07,-80.43,29.26
31.07,-80.41,29.28
31.07,-80.39,29.28
31.07,-80.37,29.26
31.07,-80.35,29.27
31.07,-80.33,29.28
31.07,-80.31,29.32
31.07,-80.29,29.34
31.07,-80.27,29.32
31.07,-80.25,29.3
31.07,-80.23,29.26
31.07,-80.21,29.25
31.07,-80.19,29.25
31.07,-80.17,29.23
31.07,-80.15,29.22
31.07,-80.13,29.21
31.07,-80.11,29.19
31.07,-80.09,29.23
31.07,-80.07,29.26
31.07,-80.05,29.31
31.07,-80.03,29.32
31.07,-80.01,29.51
31.07,-79.99,29.72
31.07,-79.97,30.28
31.07,-79.95,30.38
31.07,-79.93,30.34
31.07,-79.91,30.35
31.07,-79.89,30.38
31.07,-79.87,30.37
31.07,-79.85,30.45
31.07,-79.83,30.46
31.07,-79.81,30.45
31.07,-79.79,30.45
31.07,-79.77,30.46
31.07,-79.75,30.44
31.07,-79.73,30.45
31.07,-79.71,30.47
31.07,-79.69,30.47
31.07,-79.67,30.46
31.07,-79.65,30.46
31.07,-79.63,30.43
31.07,-79.61,30.36
31.07,-79.59,30.35
31.07,-79.57,30.33
31.07,-79.55,30.3
31.07,-79.53,30.31
31.07,-79.51,30.3
31.07,-79.49,30.35
31.07,-79.47,30.33
31.07,-79.45,30.31
31.07,-79.43,30.26
31.07,-79.41,30.3
31.07,-79.39,30.32
31.07,-79.37,30.29
31.07,-79.35,30.3
31.07,-79.33,30.26
31.07,-79.31,30.22
31.07,-79.29,30.27
31.07,-79.27,30.29
31.07,-79.25,30.28
31.07,-79.23,30.27
31.07,-79.21,30.27
31.07,-79.19,30.27
31.07,-79.17,30.3
31.07,-79.15,30.37
31.07,-79.13,30.35
31.07,-79.11,30.31
31.07,-79.09,30.19
31.07,-79.07,30.18
31.07,-79.05,30.12
31.07,-79.03,30.09
31.07,-79.01,30.0
31.07,-78.99,29.95
31.07,-78.91,29.96
31.07,-78.89,29.98
31.07,-78.87,29.92
31.07,-78.85,29.91
31.07,-78.83,29.93
31.07,-78.81,29.93
31.07,-78.39,29.67
31.07,-78.37,29.69
31.07,-78.29,29.72
31.07,-78.27,29.72
31.07,-78.15,29.71
31.07,-77.99,29.61
31.07,-77.97,29.55
31.07,-77.95,29.58
31.07,-77.93,29.53
31.07,-77.91,29.49
31.07,-77.89,29.5
31.07,-77.87,29.53
31.07,-77.85,29.63
31.07,-77.83,29.69
31.07,-77.81,29.74
31.07,-77.79,29.76
31.07,-77.77,29.75
31.07,-77.75,29.78
31.07,-77.73,29.85
31.07,-77.71,29.79
31.07,-77.69,29.71
31.07,-77.67,29.62
31.07,-77.65,29.7
31.07,-77.63,29.72
31.07,-77.61,29.77
31.07,-77.59,29.77
31.07,-77.57,29.68
31.07,-77.55,29.71
31.07,-77.53,29.68
31.07,-77.51,29.64
31.07,-77.49,29.64
31.07,-77.47,29.65
31.07,-77.45,29.67
31.07,-77.43,29.57
31.07,-77.41,29.55
31.07,-77.39,29.55
31.07,-77.37,29.55
31.07,-77.35,29.5
31.07,-77.33,29.5
31.07,-77.31,29.58
31.07,-77.29,29.59
31.07,-77.27,29.59
31.07,-77.25,29.62
31.07,-77.23,29.71
31.07,-77.21,29.75
31.07,-77.19,29.75
31.07,-77.17,29.77
31.07,-77.15,29.82
31.07,-77.13,29.8
31.07,-77.11,29.8
31.07,-77.09,29.83
31.07,-77.07,29.87
31.07,-77.05,29.89
31.07,-77.03,29.96
31.07,-77.01,30.0
31.07,-76.99,29.89
31.07,-76.97,29.81
31.07,-76.95,30.0
31.07,-76.93,29.97
31.07,-76.91,29.9
31.07,-76.89,29.79
31.07,-76.59,29.76
31.07,-76.57,29.74
31.07,-76.55,29.79
31.07,-76.53,29.8
31.07,-76.51,29.76
31.07,-76.49,29.74
31.07,-76.47,29.75
31.07,-76.43,29.97
31.05,-81.41,30.5
31.05,-81.39,30.39
31.05,-81.37,30.29
31.05,-81.35,29.78
31.05,-81.33,29.74
31.05,-81.31,29.53
31.05,-81.29,29.36
31.05,-81.27,29.3
31.05,-81.25,29.28
31.05,-81.23,29.15
31.05,-81.21,29.12
31.05,-81.19,29.02
31.05,-81.17,29.02
31.05,-81.15,29.02
31.05,-81.13,28.99
31.05,-81.11,28.96
31.05,-81.09,28.86
31.05,-81.07,28.85
31.05,-81.05,28.82
31.05,-81.03,28.83
31.05,-81.01,28.76
31.05,-80.99,28.72
31.05,-80.97,28.76
31.05,-80.95,28.82
31.05,-80.93,28.89
31.05,-80.91,28.96
31.05,-80.89,29.08
31.05,-80.87,29.09
31.05,-80.85,29.09
31.05,-80.83,29.07
31.05,-80.81,29.12
31.05,-80.79,29.16
31.05,-80.77,29.14
31.05,-80.75,29.15
31.05,-80.73,29.21
31.05,-80.71,29.25
31.05,-80.69,29.27
31.05,-80.67,29.27
31.05,-80.65,29.25
31.05,-80.63,29.2
31.05,-80.61,29.2
31.05,-80.59,29.18
31.05,-80.57,29.14
31.05,-80.55,29.17
31.05,-80.53,29.24
31.05,-80.51,29.28
31.05,-80.49,29.3
31.05,-80.47,29.28
31.05,-80.45,29.25
31.05,-80.43,29.24
31.05,-80.41,29.23
31.05,-80.39,29.24
31.05,-80.37,29.25
31.05,-80.35,29.25
31.05,-80.33,29.3
31.05,-80.31,29.33
31.05,-80.29,29.31
31.05,-80.27,29.29
31.05,-80.25,29.28
31.05,-80.23,29.25
31.05,-80.21,29.25
31.05,-80.19,29.26
31.05,-80.17,29.26
31.05,-80.15,29.24
31.05,-80.13,29.26
31.05,-80.11,29.3
31.05,-80.09,29.29
31.05,-80.07,29.29
31.05,-80.05,29.37
31.05,-80.03,29.33
31.05,-80.01,29.54
31.05,-79.99,30.19
31.05,-79.97,30.39
31.05,-79.95,30.38
31.05,-79.93,30.32
31.05,-79.91,30.36
31.05,-79.89,30.38
31.05,-79.87,30.41
31.05,-79.85,30.5
31.05,-79.83,30.48
31.05,-79.81,30.46
31.05,-79.79,30.47
31.05,-79.77,30.48
31.05,-79.75,30.49
31.05,-79.73,30.52
31.05,-79.71,30.5
31.05,-79.69,30.46
31.05,-79.67,30.48
31.05,-79.65,30.52
31.05,-79.63,30.42
31.05,-79.61,30.33
31.05,-79.59,30.33
31.05,-79.57,30.3
31.05,-79.55,30.3
31.05,-79.53,30.32
31.05,-79.51,30.34
31.05,-79.49,30.36
31.05,-79.47,30.26
31.05,-79.45,30.24
31.05,-79.43,30.24
31.05,-79.41,30.28
31.05,-79.39,30.28
31.05,-79.37,30.3
31.05,-79.35,30.28
31.05,-79.33,30.21
31.05,-79.31,30.24
31.05,-79.29,30.25
31.05,-79.27,30.26
31.05,-79.25,30.22
31.05,-79.23,30.14
31.05,-79.21,30.08
31.05,-79.19,30.25
31.05,-79.17,30.31
31.05,-79.15,30.26
31.05,-79.13,30.18
31.05,-79.11,30.12
31.05,-79.09,30.12
31.05,-79.07,30.11
31.05,-79.05,30.08
31.05,-79.03,30.06
31.05,-79.01,30.01
31.05,-78.99,30.05
31.05,-78.97,30.06
31.05,-78.95,30.03
31.05,-78.93,30.01
31.05,-78.91,29.98
31.05,-78.85,29.95
31.05,-78.83,29.94
31.05,-78.81,29.93
31.05,-78.29,29.71
31.05,-78.27,29.71
31.05,-77.91,29.45
31.05,-77.89,29.49
31.05,-77.87,29.55
31.05,-77.85,29.62
31.05,-77.83,29.65
31.05,-77.81,29.65
31.05,-77.79,29.68
31.05,-77.77,29.7
31.05,-77.75,29.73
31.05,-77.73,29.74
31.05,-77.71,29.68
31.05,-77.69,29.72
31.05,-77.67,29.81
31.05,-77.65,29.77
31.05,-77.63,29.76
31.05,-77.61,29.81
31.05,-77.59,29.76
31.05,-77.57,29.72
31.05,-77.55,29.75
31.05,-77.53,29.7
31.05,-77.51,29.64
31.05,-77.49,29.61
31.05,-77.47,29.6
31.05,-77.43,29.54
31.05,-77.41,29.58
31.05,-77.39,29.57
31.05,-77.37,29.51
31.05,-77.35,29.5
31.05,-77.33,29.52
31.05,-77.31,29.57
31.05,-77.29,29.55
31.05,-77.27,29.56
31.05,-77.25,29.66
31.05,-77.23,29.68
31.05,-77.21,29.67
31.05,-77.19,29.64
31.05,-77.17,29.73
31.05,-77.15,29.76
31.05,-77.13,29.75
31.05,-77.11,29.81
31.05,-77.09,29.82
31.05,-77.07,29.79
31.05,-77.05,29.85
31.05,-77.03,29.84
31.05,-77.01,29.77
31.05,-76.99,29.68
31.05,-76.97,29.65
31.05,-76.95,29.64
31.05,-76.93,29.63
31.05,-76.91,29.7
31.05,-76.89,29.72
31.05,-76.61,29.78
31.05,-76.59,29.79
31.05,-76.57,29.75
31.05,-76.49,29.78
31.05,-76.37,29.81
31.03,-81.33,29.84
31.03,-81.29,29.2
31.03,-81.27,29.25
31.03,-81.25,29.23
31.03,-81.23,29.15
31.03,-81.21,29.07
31.03,-81.19,28.99
31.03,-81.17,28.91
31.03,-81.15,28.91
31.03,-81.13,28.89
31.03,-81.11,28.86
31.03,-81.09,28.8
31.03,-81.07,28.75
31.03,-81.05,28.8
31.03,-81.03,28.76
31.03,-81.01,28.7
31.03,-80.99,28.75
31.03,-80.97,28.76
31.03,-80.95,28.84
31.03,-80.93,28.93
31.03,-80.91,29.03
31.03,-80.89,29.07
31.03,-80.87,29.16
31.03,-80.85,29.14
31.03,-80.83,29.18
31.03,-80.81,29.18
31.03,-80.79,29.13
31.03,-80.77,29.15
31.03,-80.75,29.19
31.03,-80.73,29.2
31.03,-80.71,29.21
31.03,-80.69,29.25
31.03,-80.67,29.28
31.03,-80.65,29.25
31.03,-80.63,29.21
31.03,-80.61,29.18
31.03,-80.59,29.1
31.03,-80.57,29.1
31.03,-80.55,29.13
31.03,-80.53,29.2
31.03,-80.51,29.26
31.03,-80.49,29.27
31.03,-80.47,29.24
31.03,-80.45,29.22
31.03,-80.43,29.22
31.03,-80.41,29.26
31.03,-80.39,29.23
31.03,-80.37,29.23
31.03,-80.35,29.24
31.03,-80.33,29.25
31.03,-80.31,29.26
31.03,-80.29,29.29
31.03,-80.27,29.28
31.03,-80.25,29.26
31.03,-80.23,29.26
31.03,-80.21,29.29
31.03,-80.19,29.26
31.03,-80.17,29.25
31.03,-80.15,29.31
31.03,-80.13,29.32
31.03,-80.11,29.33
31.03,-80.09,29.39
31.03,-80.07,29.38
31.03,-80.05,29.4
31.03,-80.03,29.44
31.03,-80.01,29.65
31.03,-79.99,30.34
31.03,-79.97,30.39
31.03,-79.95,30.39
31.03,-79.93,30.4
31.03,-79.91,30.38
31.03,-79.89,30.38
31.03,-79.87,30.41
31.03,-79.85,30.44
31.03,-79.83,30.46
31.03,-79.81,30.48
31.03,-79.79,30.48
31.03,-79.77,30.51
31.03,-79.75,30.54
31.03,-79.73,30.53
31.03,-79.71,30.53
31.03,-79.69,30.53
31.03,-79.67,30.5
31.03,-79.65,30.45
31.03,-79.63,30.41
31.03,-79.61,30.35
31.03,-79.59,30.33
31.03,-79.57,30.32
31.03,-79.55,30.3
31.03,-79.53,30.31
31.03,-79.51,30.33
31.03,-79.49,30.29
31.03,-79.47,30.22
31.03,-79.45,30.23
31.03,-79.43,30.25
31.03,-79.41,30.24
31.03,-79.39,30.25
31.03,-79.37,30.24
31.03,-79.35,30.21
31.03,-79.33,30.19
31.03,-79.31,30.21
31.03,-79.29,30.24
31.03,-79.27,30.23
31.03,-79.25,30.13
31.03,-79.23,30.05
31.03,-79.21,30.06
31.03,-79.19,30.19
31.03,-79.17,30.18
31.03,-79.15,30.2
31.03,-79.13,30.18
31.03,-79.11,30.12
31.03,-79.09,30.1
31.03,-79.07,30.09
31.03,-79.01,30.03
31.03,-78.99,30.08
31.03,-78.97,30.11
31.03,-78.95,30.04
31.03,-78.93,30.01
31.03,-77.95,29.47
31.03,-77.93,29.42
31.03,-77.91,29.43
31.03,-77.89,29.44
31.03,-77.87,29.56
31.03,-77.85,29.62
31.03,-77.83,29.62
31.03,-77.81,29.65
31.03,-77.79,29.62
31.03,-77.77,29.66
31.03,-77.75,29.72
31.03,-77.73,29.66
31.03,-77.71,29.64
31.03,-77.69,29.68
31.03,-77.67,29.89
31.03,-77.65,29.92
31.03,-77.59,29.73
31.03,-77.57,29.71
31.03,-77.55,29.69
31.03,-77.53,29.63
31.03,-77.51,29.58
31.03,-77.49,29.52
31.03,-77.47,29.52
31.03,-77.45,29.52
31.03,-77.43,29.53
31.03,-77.41,29.55
31.03,-77.39,29.55
31.03,-77.37,29.52
31.03,-77.35,29.52
31.03,-77.33,29.5
31.03,-77.31,29.5
31.03,-77.29,29.54
31.03,-77.27,29.56
31.03,-77.25,29.6
31.03,-77.23,29.62
31.03,-77.21,29.63
31.03,-77.19,29.68
31.03,-77.17,29.68
31.03,-77.15,29.7
31.03,-77.13,29.82
31.03,-77.11,29.86
31.03,-77.09,29.8
31.03,-77.07,29.79
31.03,-77.05,29.75
31.03,-77.03,29.69
31.03,-77.01,29.72
31.03,-76.99,29.73
31.03,-76.91,29.7
31.03,-76.89,29.76
31.03,-76.87,29.88
31.03,-76.85,29.84
31.03,-76.83,29.79
31.03,-76.61,29.77
31.01,-81.31,29.43
31.01,-81.29,29.25
31.01,-81.27,29.17
31.01,-81.25,29.13
31.01,-81.23,29.1
31.01,-81.21,28.96
31.01,-81.19,28.87
31.01,-81.17,28.85
31.01,-81.15,28.75
31.01,-81.13,28.75
31.01,-81.11,28.73
31.01,-81.09,28.71
31.01,-81.07,28.71
31.01,-81.05,28.68
31.01,-81.03,28.65
31.01,-81.01,28.67
31.01,-80.99,28.72
31.01,-80.97,28.79
31.01,-80.95,28.87
31.01,-80.93,28.97
31.01,-80.91,29.04
31.01,-80.89,29.08
31.01,-80.87,29.17
31.01,-80.85,29.19
31.01,-80.83,29.22
31.01,-80.81,29.23
31.01,-80.79,29.17
31.01,-80.77,29.17
31.01,-80.75,29.2
31.01,-80.73,29.25
31.01,-80.71,29.25
31.01,-80.69,29.21
31.01,-80.67,29.18
31.01,-80.65,29.18
31.01,-80.63,29.17
31.01,-80.61,29.17
31.01,-80.59,29.1
31.01,-80.57,29.12
31.01,-80.55,29.16
31.01,-80.53,29.2
31.01,-80.51,29.22
31.01,-80.49,29.21
31.01,-80.47,29.21
31.01,-80.45,29.22
31.01,-80.43,29.23
31.01,-80.41,29.23
31.01,-80.39,29.23
31.01,-80.37,29.25
31.01,-80.35,29.22
31.01,-80.33,29.29
31.01,-80.31,29.27
31.01,-80.29,29.28
31.01,-80.27,29.26
31.01,-80.25,29.26
31.01,-80.23,29.3
31.01,-80.21,29.29
31.01,-80.19,29.29
31.01,-80.17,29.3
31.01,-80.15,29.34
31.01,-80.13,29.35
31.01,-80.11,29.38
31.01,-80.09,29.41
31.01,-80.07,29.48
31.01,-80.05,29.55
31.01,-80.03,29.57
31.01,-80.01,30.06
31.01,-79.99,30.32
31.01,-79.97,30.37
31.01,-79.95,30.39
31.01,-79.93,30.39
31.01,-79.91,30.43
31.01,-79.89,30.43
31.01,-79.87,30.46
31.01,-79.85,30.45
31.01,-79.83,30.48
31.01,-79.81,30.47
31.01,-79.79,30.46
31.01,-79.77,30.55
31.01,-79.75,30.55
31.01,-79.73,30.59
31.01,-79.71,30.59
31.01,-79.69,30.57
31.01,-79.67,30.51
31.01,-79.65,30.49
31.01,-79.63,30.44
31.01,-79.61,30.3
31.01,-79.59,30.3
31.01,-79.57,30.31
31.01,-79.55,30.31
31.01,-79.53,30.25
31.01,-79.51,30.24
31.01,-79.49,30.25
31.01,-79.47,30.25
31.01,-79.45,30.25
31.01,-79.43,30.23
31.01,-79.41,30.21
31.01,-79.39,30.21
31.01,-79.37,30.18
31.01,-79.35,30.18
31.01,-79.33,30.21
31.01,-79.31,30.18
31.01,-79.29,30.16
31.01,-79.27,30.15
31.01,-79.19,30.16
31.01,-79.17,30.17
31.01,-79.15,30.24
31.01,-79.13,30.22
31.01,-79.11,30.2
31.01,-78.97,30.09
31.01,-78.95,30.02
31.01,-78.59,29.75
31.01,-78.57,29.77
31.01,-77.91,29.44
31.01,-77.89,29.46
31.01,-77.87,29.47
31.01,-77.85,29.57
31.01,-77.83,29.58
31.01,-77.81,29.51
31.01,-77.79,29.52
31.01,-77.77,29.56
31.01,-77.65,29.81
31.01,-77.63,29.73
31.01,-77.61,29.61
31.01,-77.59,29.65
31.01,-77.57,29.72
31.01,-77.55,29.62
31.01,-77.53,29.55
31.01,-77.51,29.52
31.01,-77.49,29.55
31.01,-77.47,29.58
31.01,-77.45,29.55
31.01,-77.43,29.6
31.01,-77.41,29.6
31.01,-77.39,29.54
31.01,-77.37,29.54
31.01,-77.35,29.55
31.01,-77.29,29.51
31.01,-77.27,29.54
31.01,-77.25,29.57
31.01,-77.19,29.65
31.01,-77.17,29.63
31.01,-77.15,29.78
31.01,-77.13,29.9
31.01,-77.11,29.91
31.01,-77.09,29.74
31.01,-77.07,29.83
31.01,-77.05,29.8
31.01,-77.03,29.74
31.01,-77.01,29.78
31.01,-76.89,29.73
31.01,-76.87,29.73
31.01,-76.85,29.79
31.01,-76.83,29.82
30.99,-81.33,29.43
30.99,-81.31,29.44
30.99,-81.29,29.29
30.99,-81.27,29.09
30.99,-81.25,29.03
30.99,-81.23,28.98
30.99,-81.21,28.85
30.99,-81.19,28.79
30.99,-81.17,28.72
30.99,-81.15,28.61
30.99,-81.13,28.63
30.99,-81.11,28.63
30.99,-81.09,28.6
30.99,-81.07,28.56
30.99,-81.05,28.58
30.99,-81.03,28.63
30.99,-81.01,28.64
30.99,-80.99,28.67
30.99,-80.97,28.79
30.99,-80.95,28.88
30.99,-80.93,28.99
30.99,-80.91,29.08
30.99,-80.89,29.14
30.99,-80.87,29.18
30.99,-80.85,29.2
30.99,-80.83,29.22
30.99,-80.81,29.19
30.99,-80.79,29.18
30.99,-80.77,29.24
30.99,-80.75,29.25
30.99,-80.73,29.23
30.99,-80.71,29.25
30.99,-80.69,29.21
30.99,-80.67,29.17
30.99,-80.65,29.15
30.99,-80.63,29.16
30.99,-80.61,29.17
30.99,-80.59,29.12
30.99,-80.57,29.19
30.99,-80.55,29.17
30.99,-80.53,29.19
30.99,-80.51,29.2
30.99,-80.49,29.18
30.99,-80.47,29.18
30.99,-80.45,29.19
30.99,-80.43,29.2
30.99,-80.41,29.24
30.99,-80.39,29.25
30.99,-80.37,29.22
30.99,-80.35,29.28
30.99,-80.33,29.31
30.99,-80.31,29.32
30.99,-80.29,29.29
30.99,-80.27,29.26
30.99,-80.25,29.26
30.99,-80.23,29.3
30.99,-80.21,29.3
30.99,-80.19,29.32
30.99,-80.17,29.32
30.99,-80.15,29.34
30.99,-80.13,29.37
30.99,-80.11,29.42
30.99,-80.09,29.46
30.99,-80.07,29.52
30.99,-80.05,29.52
30.99,-80.03,29.56
30.99,-80.01,30.32
30.99,-79.99,30.34
30.99,-79.97,30.33
30.99,-79.95,30.39
30.99,-79.93,30.46
30.99,-79.91,30.49
30.99,-79.89,30.45
30.99,-79.87,30.44
30.99,-79.85,30.44
30.99,-79.83,30.43
30.99,-79.81,30.47
30.99,-79.79,30.51
30.99,-79.77,30.53
30.99,-79.75,30.6
30.99,-79.73,30.62
30.99,-79.71,30.58
30.99,-79.69,30.53
30.99,-79.67,30.47
30.99,-79.65,30.44
30.99,-79.63,30.39
30.99,-79.61,30.34
30.99,-79.59,30.29
30.99,-79.57,30.29
30.99,-79.55,30.24
30.99,-79.53,30.19
30.99,-79.51,30.2
30.99,-79.49,30.28
30.99,-79.47,30.28
30.99,-79.45,30.26
30.99,-79.43,30.26
30.99,-79.41,30.22
30.99,-79.37,30.18
30.99,-79.17,30.08
30.99,-79.15,30.16
30.99,-78.59,29.77
30.99,-77.73,29.51
30.99,-77.71,29.52
30.99,-77.69,29.5
30.99,-77.65,29.65
30.99,-77.63,29.73
30.99,-77.61,29.72
30.99,-77.59,29.63
30.99,-77.57,29.59
30.99,-77.55,29.56
30.99,-77.53,29.65
30.99,-77.51,29.62
30.99,-77.49,29.65
30.99,-77.47,29.59
30.99,-77.45,29.64
30.99,-77.43,29.62
30.99,-77.41,29.56
30.99,-77.39,29.52
30.99,-77.27,29.49
30.99,-77.19,29.67
30.99,-77.17,29.74
30.99,-77.15,29.84
30.99,-77.13,29.83
30.99,-77.11,29.62
30.99,-77.09,29.62
30.99,-77.07,29.66
30.99,-76.87,29.68
30.99,-76.85,29.75
30.99,-76.83,29.84
30.99,-76.71,29.75
30.99,-76.69,29.78
30.99,-76.67,29.83
30.99,-76.65,29.88
30.97,-81.33,29.43
30.97,-81.31,29.5
30.97,-81.29,29.37
30.97,-81.27,29.0
30.97,-81.25,28.94
30.97,-81.23,28.9
30.97,-81.21,28.81
30.97,-81.19,28.74
30.97,-81.17,28.72
30.97,-81.15,28.63
30.97,-81.13,28.61
30.97,-81.11,28.63
30.97,-81.09,28.6
30.97,-81.07,28.55
30.97,-81.05,28.55
30.97,-81.03,28.57
30.97,-81.01,28.59
30.97,-80.99,28.71
30.97,-80.97,28.84
30.97,-80.95,28.88
30.97,-80.93,29.0
30.97,-80.91,29.06
30.97,-80.89,29.14
30.97,-80.87,29.19
30.97,-80.85,29.19
30.97,-80.83,29.15
30.97,-80.81,29.17
30.97,-80.79,29.16
30.97,-80.77,29.25
30.97,-80.75,29.24
30.97,-80.73,29.23
30.97,-80.71,29.23
30.97,-80.69,29.15
30.97,-80.67,29.14
30.97,-80.65,29.18
30.97,-80.63,29.13
30.97,-80.61,29.17
30.97,-80.59,29.17
30.97,-80.57,29.18
30.97,-80.55,29.21
30.97,-80.53,29.26
30.97,-80.51,29.21
30.97,-80.49,29.21
30.97,-80.47,29.22
30.97,-80.45,29.2
30.97,-80.43,29.19
30.97,-80.41,29.2
30.97,-80.39,29.2
30.97,-80.37,29.29
30.97,-80.35,29.36
30.97,-80.33,29.31
30.97,-80.31,29.3
30.97,-80.29,29.3
30.97,-80.27,29.27
30.97,-80.25,29.27
30.97,-80.23,29.31
30.97,-80.21,29.32
30.97,-80.19,29.34
30.97,-80.17,29.35
30.97,-80.15,29.39
30.97,-80.13,29.41
30.97,-80.11,29.45
30.97,-80.09,29.53
30.97,-80.07,29.53
30.97,-80.05,29.53
30.97,-80.03,30.13
30.97,-80.01,30.29
30.97,-79.99,30.39
30.97,-79.97,30.37
30.97,-79.95,30.42
30.97,-79.93,30.46
30.97,-79.91,30.42
30.97,-79.89,30.36
30.97,-79.87,30.38
30.97,-79.85,30.41
30.97,-79.83,30.48
30.97,-79.81,30.49
30.97,-79.79,30.53
30.97,-79.77,30.57
30.97,-79.75,30.61
30.97,-79.73,30.59
30.97,-79.71,30.54
30.97,-79.69,30.49
30.97,-79.67,30.47
30.97,-79.65,30.45
30.97,-79.63,30.39
30.97,-79.61,30.34
30.97,-79.59,30.32
30.97,-79.57,30.3
30.97,-79.55,30.22
30.97,-79.53,30.21
30.97,-79.51,30.26
30.97,-79.49,30.36
30.97,-79.47,30.24
30.97,-79.45,30.15
30.97,-79.43,30.24
30.97,-79.41,30.2
30.97,-78.13,29.88
30.97,-77.99,29.72
30.97,-77.97,29.79
30.97,-77.95,29.67
30.97,-77.85,29.54
30.97,-77.79,29.59
30.97,-77.77,29.57
30.97,-77.75,29.54
30.97,-77.73,29.53
30.97,-77.71,29.58
30.97,-77.69,29.65
30.97,-77.67,29.63
30.97,-77.65,29.77
30.97,-77.63,29.78
30.97,-77.61,29.73
30.97,-77.59,29.65
30.97,-77.57,29.63
30.97,-77.55,29.61
30.97,-77.53,29.6
30.97,-77.51,29.75
30.97,-77.49,29.77
30.97,-77.47,29.72
30.97,-77.45,29.7
30.97,-77.43,29.61
30.97,-77.41,29.52
30.97,-76.81,29.75
30.97,-76.79,29.76
30.97,-76.77,29.77
30.97,-76.73,29.86
30.97,-76.71,29.75
30.95,-81.35,29.41
30.95,-81.33,29.36
30.95,-81.31,29.38
30.95,-81.29,29.28
30.95,-81.27,29.1
30.95,-81.25,28.98
30.95,-81.23,28.82
30.95,-81.21,28.73
30.95,-81.19,28.75
30.95,-81.17,28.61
30.95,-81.15,28.57
30.95,-81.13,28.62
30.95,-81.11,28.61
30.95,-81.09,28.55
30.95,-81.07,28.56
30.95,-81.05,28.52
30.95,-81.03,28.51
30.95,-81.01,28.69
30.95,-80.99,28.77
30.95,-80.97,28.9
30.95,-80.95,28.92
30.95,-80.93,29.01
30.95,-80.91,29.04
30.95,-80.89,29.11
30.95,-80.87,29.11
30.95,-80.85,29.14
30.95,-80.83,29.11
30.95,-80.81,29.16
30.95,-80.79,29.18
30.95,-80.77,29.18
30.95,-80.75,29.2
30.95,-80.73,29.16
30.95,-80.71,29.18
30.95,-80.69,29.13
30.95,-80.67,29.11
30.95,-80.65,29.14
30.95,-80.63,29.18
30.95,-80.61,29.2
30.95,-80.59,29.19
30.95,-80.57,29.23
30.95,-80.55,29.22
30.95,-80.53,29.25
30.95,-80.51,29.24
30.95,-80.49,29.22
30.95,-80.47,29.22
30.95,-80.45,29.2
30.95,-80.43,29.25
30.95,-80.41,29.23
30.95,-80.39,29.27
30.95,-80.37,29.3
30.95,-80.35,29.3
30.95,-80.33,29.29
30.95,-80.31,29.28
30.95,-80.29,29.26
30.95,-80.27,29.27
30.95,-80.25,29.28
30.95,-80.23,29.33
30.95,-80.21,29.33
30.95,-80.19,29.36
30.95,-80.17,29.38
30.95,-80.15,29.41
30.95,-80.13,29.42
30.95,-80.11,29.51
30.95,-80.09,29.56
30.95,-80.07,29.57
30.95,-80.05,30.04
30.95,-80.03,30.32
30.95,-80.01,30.39
30.95,-79.99,30.4
30.95,-79.97,30.38
30.95,-79.95,30.34
30.95,-79.93,30.35
30.95,-79.91,30.34
30.95,-79.89,30.4
30.95,-79.87,30.44
30.95,-79.85,30.45
30.95,-79.83,30.45
30.95,-79.81,30.5
30.95,-79.79,30.51
30.95,-79.77,30.53
30.95,-79.75,30.57
30.95,-79.73,30.56
30.95,-79.71,30.57
30.95,-79.69,30.49
30.95,-79.67,30.42
30.95,-79.65,30.48
30.95,-79.63,30.42
30.95,-79.61,30.31
30.95,-79.59,30.3
30.95,-79.57,30.31
30.95,-79.55,30.28
30.95,-79.53,30.28
30.95,-79.51,30.3
30.95,-79.49,30.42
30.95,-79.47,30.32
30.95,-79.45,30.28
30.95,-79.43,30.27
30.95,-77.99,29.73
30.95,-77.95,29.74
30.95,-77.93,29.74
30.95,-77.91,29.57
30.95,-77.89,29.59
30.95,-77.87,29.62
30.95,-77.85,29.62
30.95,-77.81,29.56
30.95,-77.79,29.59
30.95,-77.77,29.6
30.95,-77.75,29.56
30.95,-77.73,29.6
30.95,-77.71,29.83
30.95,-77.69,29.8
30.95,-77.67,29.76
30.95,-77.65,29.83
30.95,-77.63,29.8
30.95,-77.61,29.74
30.95,-77.59,29.76
30.95,-77.57,29.63
30.95,-77.55,29.65
30.95,-77.53,29.75
30.95,-77.51,29.83
30.95,-77.49,29.8
30.95,-77.47,29.78
30.95,-77.45,29.78
30.95,-76.81,29.74
30.93,-81.33,29.45
30.93,-81.31,29.53
30.93,-81.29,29.28
30.93,-81.27,29.14
30.93,-81.25,28.92
30.93,-81.23,28.83
30.93,-81.21,28.68
30.93,-81.19,28.56
30.93,-81.17,28.51
30.93,-81.15,28.51
30.93,-81.13,28.66
30.93,-81.11,28.58
30.93,-81.09,28.53
30.93,-81.07,28.5
30.93,-81.05,28.62
30.93,-81.03,28.69
30.93,-81.01,28.75
30.93,-80.99,28.82
30.93,-80.97,28.92
30.93,-80.95,28.97
30.93,-80.93,29.06
30.93,-80.91,29.04
30.93,-80.89,29.02
30.93,-80.87,29.04
30.93,-80.85,29.06
30.93,-80.83,29.13
30.93,-80.81,29.15
30.93,-80.79,29.12
30.93,-80.77,29.12
30.93,-80.75,29.15
30.93,-80.73,29.12
30.93,-80.71,29.11
30.93,-80.69,29.08
30.93,-80.67,29.12
30.93,-80.65,29.16
30.93,-80.63,29.18
30.93,-80.61,29.17
30.93,-80.59,29.22
30.93,-80.57,29.23
30.93,-80.55,29.23
30.93,-80.53,29.24
30.93,-80.51,29.25
30.93,-80.49,29.25
30.93,-80.47,29.24
30.93,-80.45,29.27
30.93,-80.43,29.25
30.93,-80.41,29.27
30.93,-80.39,29.27
30.93,-80.37,29.29
30.93,-80.35,29.31
30.93,-80.33,29.3
30.93,-80.31,29.25
30.93,-80.29,29.23
30.93,-80.27,29.22
30.93,-80.25,29.28
30.93,-80.23,29.33
30.93,-80.21,29.32
30.93,-80.19,29.36
30.93,-80.17,29.39
30.93,-80.15,29.41
30.93,-80.13,29.47
30.93,-80.11,29.56
30.93,-80.09,29.52
30.93,-80.07,29.56
30.93,-80.05,30.34
30.93,-80.03,30.39
30.93,-80.01,30.38
30.93,-79.99,30.39
30.93,-79.97,30.38
30.93,-79.95,30.36
30.93,-79.93,30.34
30.93,-79.91,30.38
30.93,-79.89,30.41
30.93,-79.87,30.46
30.93,-79.85,30.42
30.93,-79.83,30.44
30.93,-79.81,30.45
30.93,-79.79,30.44
30.93,-79.77,30.48
30.93,-79.75,30.52
30.93,-79.73,30.53
30.93,-79.71,30.51
30.93,-79.69,30.5
30.93,-79.67,30.49
30.93,-79.65,30.46
30.93,-79.63,30.39
30.93,-79.61,30.33
30.93,-79.59,30.33
30.93,-79.57,30.32
30.93,-79.55,30.31
30.93,-79.53,30.28
30.93,-79.51,30.33
30.93,-79.49,30.28
30.93,-79.47,30.27
30.93,-79.45,30.32
30.93,-78.05,29.79
30.93,-78.03,29.81
30.93,-78.01,29.72
30.93,-77.95,29.68
30.93,-77.93,29.72
30.93,-77.91,29.48
30.93,-77.89,29.47
30.93,-77.87,29.54
30.93,-77.85,29.57
30.93,-77.83,29.62
30.93,-77.81,29.53
30.93,-77.79,29.59
30.93,-77.77,29.69
30.93,-77.73,29.88
30.93,-77.71,29.99
30.93,-77.69,29.85
30.93,-77.67,29.77
30.93,-77.65,29.75
30.93,-77.63,29.74
30.93,-77.61,29.75
30.93,-77.59,29.88
30.93,-77.57,29.87
30.93,-77.55,29.79
30.93,-77.53,29.77
30.93,-77.51,29.82
30.93,-77.49,29.83
30.93,-77.47,29.82
30.93,-77.23,29.54
30.93,-77.21,29.55
30.93,-77.19,29.57
30.93,-77.17,29.64
30.93,-77.15,29.59
30.93,-77.05,30.03
30.93,-77.03,30.01
30.91,-81.39,30.06
30.91,-81.37,29.96
30.91,-81.33,29.51
30.91,-81.31,29.2
30.91,-81.29,29.04
30.91,-81.27,28.97
30.91,-81.25,28.84
30.91,-81.23,28.74
30.91,-81.21,28.64
30.91,-81.19,28.58
30.91,-81.17,28.5
30.91,-81.15,28.45
30.91,-81.13,28.45
30.91,-81.11,28.38
30.91,-81.09,28.49
30.91,-81.07,28.51
30.91,-81.05,28.63
30.91,-81.03,28.74
30.91,-81.01,28.88
30.91,-80.99,28.89
30.91,-80.97,28.96
30.91,-80.95,28.99
30.91,-80.93,29.04
30.91,-80.91,29.02
30.91,-80.89,28.95
30.91,-80.87,28.97
30.91,-80.85,29.02
30.91,-80.83,29.08
30.91,-80.81,29.07
30.91,-80.79,29.08
30.91,-80.77,29.1
30.91,-80.75,29.11
30.91,-80.73,29.09
30.91,-80.71,29.07
30.91,-80.69,29.06
30.91,-80.67,29.14
30.91,-80.65,29.15
30.91,-80.63,29.17
30.91,-80.61,29.19
30.91,-80.59,29.19
30.91,-80.57,29.2
30.91,-80.55,29.21
30.91,-80.53,29.22
30.91,-80.51,29.22
30.91,-80.49,29.25
30.91,-80.47,29.28
30.91,-80.45,29.26
30.91,-80.43,29.27
30.91,-80.41,29.28
30.91,-80.39,29.28
30.91,-80.37,29.27
30.91,-80.35,29.25
30.91,-80.33,29.23
30.91,-80.31,29.21
30.91,-80.29,29.23
30.91,-80.27,29.24
30.91,-80.25,29.29
30.91,-80.23,29.32
30.91,-80.21,29.3
30.91,-80.19,29.36
30.91,-80.17,29.39
30.91,-80.15,29.45
30.91,-80.13,29.52
30.91,-80.11,29.55
30.91,-80.09,29.52
30.91,-80.07,30.04
30.91,-80.05,30.35
30.91,-80.03,30.38
30.91,-80.01,30.38
30.91,-79.99,30.41
30.91,-79.97,30.46
30.91,-79.95,30.45
30.91,-79.93,30.34
30.91,-79.91,30.41
30.91,-79.89,30.43
30.91,-79.87,30.45
30.91,-79.85,30.44
30.91,-79.83,30.41
30.91,-79.81,30.42
30.91,-79.79,30.41
30.91,-79.77,30.43
30.91,-79.75,30.47
30.91,-79.73,30.48
30.91,-79.71,30.45
30.91,-79.69,30.51
30.91,-79.67,30.52
30.91,-79.65,30.39
30.91,-79.63,30.35
30.91,-79.61,30.35
30.91,-79.59,30.36
30.91,-79.57,30.38
30.91,-79.55,30.37
30.91,-79.53,30.35
30.91,-79.51,30.38
30.91,-79.49,30.32
30.91,-79.47,30.29
30.91,-78.07,29.78
30.91,-78.05,29.78
30.91,-78.03,29.78
30.91,-78.01,29.71
30.91,-77.95,29.6
30.91,-77.91,29.46
30.91,-77.89,29.42
30.91,-77.81,29.58
30.91,-77.79,29.72
30.91,-77.77,29.74
30.91,-77.75,29.86
30.91,-77.73,29.92
30.91,-77.71,29.94
30.91,-77.69,29.66
30.91,-77.67,29.62
30.91,-77.65,29.72
30.91,-77.63,29.87
30.91,-77.61,29.88
30.91,-77.59,29.92
30.91,-77.23,29.5
30.91,-77.21,29.49
30.91,-77.19,29.51
30.91,-77.17,29.52
30.91,-77.15,29.53
30.91,-77.13,29.54
30.91,-77.11,29.61
30.91,-76.45,29.85
30.89,-81.29,28.94
30.89,-81.27,28.71
30.89,-81.25,28.69
30.89,-81.23,28.59
30.89,-81.21,28.57
30.89,-81.19,28.52
30.89,-81.17,28.49
30.89,-81.15,28.44
30.89,-81.13,28.47
30.89,-81.11,28.46
30.89,-81.09,28.46
30.89,-81.07,28.51
30.89,-81.05,28.61
30.89,-81.03,28.75
30.89,-81.01,28.84
30.89,-80.99,28.92
30.89,-80.97,28.94
30.89,-80.95,28.98
30.89,-80.93,29.04
30.89,-80.91,29.02
30.89,-80.89,28.93
30.89,-80.87,28.97
30.89,-80.85,29.01
30.89,-80.83,28.98
30.89,-80.81,29.01
30.89,-80.79,29.0
30.89,-80.77,29.04
30.89,-80.75,29.06
30.89,-80.73,29.09
30.89,-80.71,29.08
30.89,-80.69,29.09
30.89,-80.67,29.18
30.89,-80.65,29.16
30.89,-80.63,29.17
30.89,-80.61,29.17
30.89,-80.59,29.18
30.89,-80.57,29.21
30.89,-80.55,29.18
30.89,-80.53,29.17
30.89,-80.51,29.21
30.89,-80.49,29.26
30.89,-80.47,29.18
30.89,-80.45,29.21
30.89,-80.43,29.3
30.89,-80.41,29.31
30.89,-80.39,29.27
30.89,-80.37,29.23
30.89,-80.35,29.19
30.89,-80.33,29.16
30.89,-80.31,29.21
30.89,-80.29,29.19
30.89,-80.27,29.23
30.89,-80.25,29.28
30.89,-80.23,29.29
30.89,-80.21,29.32
30.89,-80.19,29.36
30.89,-80.17,29.42
30.89,-80.15,29.49
30.89,-80.13,29.5
30.89,-80.11,29.63
30.89,-80.09,29.61
30.89,-80.07,30.21
30.89,-80.05,30.38
30.89,-80.03,30.34
30.89,-80.01,30.4
30.89,-79.99,30.46
30.89,-79.97,30.48
30.89,-79.95,30.43
30.89,-79.93,30.37
30.89,-79.91,30.42
30.89,-79.89,30.43
30.89,-79.87,30.43
30.89,-79.85,30.44
30.89,-79.83,30.45
30.89,-79.81,30.4
30.89,-79.79,30.39
30.89,-79.77,30.41
30.89,-79.75,30.47
30.89,-79.73,30.47
30.89,-79.71,30.46
30.89,-79.69,30.47
30.89,-79.67,30.47
30.89,-79.65,30.39
30.89,-79.63,30.36
30.89,-79.61,30.35
30.89,-79.59,30.37
30.89,-79.57,30.41
30.89,-79.55,30.38
30.89,-79.53,30.41
30.89,-79.51,30.4
30.89,-79.49,30.44
30.89,-79.47,30.43
30.89,-79.45,30.4
30.89,-78.15,29.79
30.89,-78.13,29.83
30.89,-78.11,29.81
30.89,-78.09,29.85
30.89,-78.07,29.8
30.89,-78.05,29.75
30.89,-78.01,29.75
30.89,-77.99,29.77
30.89,-77.83,29.56
30.89,-77.81,29.72
30.89,-77.79,29.74
30.89,-77.77,29.9
30.89,-77.75,29.91
30.89,-77.73,29.81
30.89,-77.71,29.7
30.89,-77.69,29.62
30.89,-77.67,29.68
30.89,-77.65,29.75
30.89,-77.63,29.78
30.89,-77.61,29.63
30.89,-77.59,29.62
30.89,-77.27,29.56
30.89,-77.25,29.55
30.89,-77.23,29.52
30.89,-77.21,29.49
30.89,-77.19,29.51
30.89,-77.17,29.51
30.89,-77.15,29.51
30.89,-76.97,29.82
30.89,-76.45,29.84
30.89,-76.43,29.89
30.87,-81.31,28.75
30.87,-81.29,28.63
30.87,-81.27,28.68
30.87,-81.25,28.64
30.87,-81.23,28.56
30.87,-81.21,28.45
30.87,-81.19,28.45
30.87,-81.17,28.47
30.87,-81.15,28.4
30.87,-81.13,28.46
30.87,-81.11,28.53
30.87,-81.09,28.57
30.87,-81.07,28.58
30.87,-81.05,28.59
30.87,-81.03,28.76
30.87,-81.01,28.77
30.87,-80.99,28.8
30.87,-80.97,28.87
30.87,-80.95,28.95
30.87,-80.93,28.98
30.87,-80.91,29.02
30.87,-80.89,29.04
30.87,-80.87,28.99
30.87,-80.85,28.98
30.87,-80.83,28.97
30.87,-80.81,28.98
30.87,-80.79,28.94
30.87,-80.77,28.97
30.87,-80.75,29.04
30.87,-80.73,29.07
30.87,-80.71,29.08
30.87,-80.69,29.1
30.87,-80.67,29.13
30.87,-80.65,29.14
30.87,-80.63,29.15
30.87,-80.61,29.15
30.87,-80.59,29.15
30.87,-80.57,29.16
30.87,-80.55,29.14
30.87,-80.53,29.19
30.87,-80.51,29.26
30.87,-80.49,29.22
30.87,-80.47,29.17
30.87,-80.45,29.24
30.87,-80.43,29.28
30.87,-80.41,29.23
30.87,-80.39,29.24
30.87,-80.37,29.18
30.87,-80.35,29.14
30.87,-80.33,29.14
30.87,-80.31,29.17
30.87,-80.29,29.21
30.87,-80.27,29.2
30.87,-80.25,29.26
30.87,-80.23,29.26
30.87,-80.21,29.29
30.87,-80.19,29.33
30.87,-80.17,29.49
30.87,-80.15,29.52
30.87,-80.13,29.49
30.87,-80.11,29.6
30.87,-80.09,30.2
30.87,-80.07,30.27
30.87,-80.05,30.34
30.87,-80.03,30.38
30.87,-80.01,30.46
30.87,-79.99,30.46
30.87,-79.97,30.44
30.87,-79.95,30.42
30.87,-79.93,30.42
30.87,-79.91,30.44
30.87,-79.89,30.46
30.87,-79.87,30.48
30.87,-79.85,30.46
30.87,-79.83,30.41
30.87,-79.81,30.36
30.87,-79.79,30.43
30.87,-79.77,30.5
30.87,-79.75,30.49
30.87,-79.73,30.44
30.87,-79.71,30.43
30.87,-79.69,30.43
30.87,-79.67,30.42
30.87,-79.65,30.43
30.87,-79.63,30.39
30.87,-79.61,30.4
30.87,-79.59,30.44
30.87,-79.57,30.43
30.87,-79.55,30.46
30.87,-79.53,30.46
30.87,-79.51,30.42
30.87,-79.49,30.41
30.87,-79.47,30.48
30.87,-79.45,30.33
30.87,-78.19,29.77
30.87,-78.17,29.8
30.87,-78.15,29.84
30.87,-78.13,29.84
30.87,-78.11,29.83
30.87,-78.09,29.85
30.87,-78.07,29.83
30.87,-78.01,29.75
30.87,-77.83,29.77
30.87,-77.81,29.83
30.87,-77.79,29.83
30.87,-77.77,29.81
30.87,-77.75,29.82
30.87,-77.73,29.7
30.87,-77.71,29.74
30.87,-77.69,29.72
30.87,-77.67,29.69
30.87,-77.65,29.61
30.87,-77.63,29.53
30.87,-77.61,29.62
30.87,-77.59,29.65
30.87,-77.35,29.56
30.87,-77.33,29.57
30.87,-77.31,29.58
30.87,-77.29,29.59
30.87,-77.27,29.61
30.87,-77.25,29.61
30.87,-77.23,29.56
30.87,-77.21,29.54
30.87,-77.19,29.53
30.87,-77.17,29.52
30.87,-77.15,29.56
30.87,-76.43,29.83
30.87,-76.41,29.81
30.87,-76.39,29.77
30.85,-81.41,29.4
30.85,-81.39,29.28
30.85,-81.37,29.28
30.85,-81.35,28.96
30.85,-81.33,28.91
30.85,-81.31,28.77
30.85,-81.29,28.62
30.85,-81.27,28.56
30.85,-81.25,28.51
30.85,-81.23,28.5
30.85,-81.21,28.5
30.85,-81.19,28.39
30.85,-81.17,28.39
30.85,-81.15,28.32
30.85,-81.13,28.42
30.85,-81.11,28.56
30.85,-81.09,28.65
30.85,-81.07,28.69
30.85,-81.05,28.67
30.85,-81.03,28.69
30.85,-81.01,28.71
30.85,-80.99,28.78
30.85,-80.97,28.79
30.85,-80.95,28.94
30.85,-80.93,28.97
30.85,-80.91,29.0
30.85,-80.89,29.01
30.85,-80.87,28.98
30.85,-80.85,28.97
30.85,-80.83,28.97
30.85,-80.81,28.99
30.85,-80.79,29.01
30.85,-80.77,29.03
30.85,-80.75,29.07
30.85,-80.73,29.0
30.85,-80.71,29.04
30.85,-80.69,29.03
30.85,-80.67,29.07
30.85,-80.65,29.15
30.85,-80.63,29.15
30.85,-80.61,29.14
30.85,-80.59,29.12
30.85,-80.57,29.12
30.85,-80.55,29.15
30.85,-80.53,29.22
30.85,-80.51,29.25
30.85,-80.49,29.25
30.85,-80.47,29.2
30.85,-80.45,29.18
30.85,-80.43,29.21
30.85,-80.41,29.25
30.85,-80.39,29.22
30.85,-80.37,29.14
30.85,-80.35,29.1
30.85,-80.33,29.11
30.85,-80.31,29.14
30.85,-80.29,29.16
30.85,-80.27,29.23
30.85,-80.25,29.26
30.85,-80.23,29.24
30.85,-80.21,29.3
30.85,-80.19,29.44
30.85,-80.17,29.49
30.85,-80.15,29.48
30.85,-80.13,29.47
30.85,-80.11,30.07
30.85,-80.09,30.26
30.85,-80.07,30.21
30.85,-80.05,30.34
30.85,-80.03,30.4
30.85,-80.01,30.45
30.85,-79.99,30.41
30.85,-79.97,30.41
30.85,-79.95,30.38
30.85,-79.93,30.47
30.85,-79.91,30.48
30.85,-79.89,30.45
30.85,-79.87,30.46
30.85,-79.85,30.43
30.85,-79.83,30.41
30.85,-79.81,30.44
30.85,-79.79,30.51
30.85,-79.77,30.53
30.85,-79.75,30.47
30.85,-79.73,30.46
30.85,-79.71,30.48
30.85,-79.69,30.41
30.85,-79.67,30.38
30.85,-79.65,30.41
30.85,-79.63,30.44
30.85,-79.61,30.47
30.85,-79.59,30.47
30.85,-79.57,30.46
30.85,-79.55,30.45
30.85,-79.53,30.42
30.85,-79.51,30.47
30.85,-79.49,30.43
30.85,-79.47,30.36
30.85,-79.45,30.3
30.85,-78.45,29.75
30.85,-78.43,29.75
30.85,-78.41,29.74
30.85,-78.39,29.72
30.85,-78.37,29.71
30.85,-78.35,29.7
30.85,-78.21,29.79
30.85,-78.19,29.82
30.85,-78.17,29.89
30.85,-78.15,29.88
30.85,-78.13,29.84
30.85,-78.11,29.83
30.85,-78.09,29.84
30.85,-78.07,29.78
30.85,-78.05,29.78
30.85,-78.03,29.78
30.85,-78.01,29.74
30.85,-77.89,29.76
30.85,-77.87,29.77
30.85,-77.85,29.56
30.85,-77.83,29.71
30.85,-77.81,29.78
30.85,-77.79,29.57
30.85,-77.77,29.5
30.85,-77.75,29.46
30.85,-77.73,29.51
30.85,-77.71,29.53
30.85,-77.69,29.56
30.85,-77.67,29.54
30.85,-77.65,29.53
30.85,-77.63,29.67
30.85,-77.61,29.51
30.85,-77.59,29.54
30.85,-77.57,29.57
30.85,-77.37,29.68
30.85,-77.35,29.58
30.85,-77.33,29.6
30.85,-77.31,29.73
30.85,-77.29,29.63
30.85,-77.27,29.6
30.85,-77.25,29.62
30.85,-77.23,29.59
30.85,-77.21,29.58
30.85,-77.19,29.6
30.85,-77.17,29.63
30.85,-77.15,29.59
30.85,-76.95,29.65
30.85,-76.43,29.86
30.85,-76.41,29.9
30.85,-76.39,29.82
30.85,-76.37,29.78
30.83,-81.43,29.47
30.83,-81.39,28.91
30.83,-81.37,28.87
30.83,-81.35,28.97
30.83,-81.33,28.88
30.83,-81.31,28.8
30.83,-81.29,28.73
30.83,-81.27,28.4
30.83,-81.25,28.4
30.83,-81.23,28.41
30.83,-81.21,28.42
30.83,-81.19,28.4
30.83,-81.17,28.33
30.83,-81.15,28.32
30.83,-81.13,28.45
30.83,-81.11,28.57
30.83,-81.09,28.69
30.83,-81.07,28.7
30.83,-81.05,28.69
30.83,-81.03,28.67
30.83,-81.01,28.72
30.83,-80.99,28.81
30.83,-80.97,28.87
30.83,-80.95,28.92
30.83,-80.93,28.94
30.83,-80.91,28.98
30.83,-80.89,28.95
30.83,-80.87,28.92
30.83,-80.85,28.97
30.83,-80.83,28.97
30.83,-80.81,29.0
30.83,-80.79,29.05
30.83,-80.77,29.06
30.83,-80.75,29.05
30.83,-80.73,28.99
30.83,-80.71,29.0
30.83,-80.69,29.05
30.83,-80.67,29.15
30.83,-80.65,29.15
30.83,-80.63,29.13
30.83,-80.61,29.13
30.83,-80.59,29.11
30.83,-80.57,29.13
30.83,-80.55,29.19
30.83,-80.53,29.23
30.83,-80.51,29.26
30.83,-80.49,29.25
30.83,-80.47,29.2
30.83,-80.45,29.16
30.83,-80.43,29.21
30.83,-80.41,29.22
30.83,-80.39,29.19
30.83,-80.37,29.14
30.83,-80.35,29.09
30.83,-80.33,29.07
30.83,-80.31,29.05
30.83,-80.29,29.16
30.83,-80.27,29.23
30.83,-80.25,29.26
30.83,-80.23,29.27
30.83,-80.21,29.35
30.83,-80.19,29.45
30.83,-80.17,29.53
30.83,-80.15,29.48
30.83,-80.13,29.64
30.83,-80.11,30.28
30.83,-80.09,30.3
30.83,-80.07,30.3
30.83,-80.05,30.39
30.83,-80.03,30.43
30.83,-80.01,30.37
30.83,-79.99,30.38
30.83,-79.97,30.39
30.83,-79.95,30.43
30.83,-79.93,30.46
30.83,-79.91,30.46
30.83,-79.89,30.44
30.83,-79.87,30.41
30.83,-79.85,30.46
30.83,-79.83,30.5
30.83,-79.81,30.59
30.83,-79.79,30.58
30.83,-79.77,30.51
30.83,-79.75,30.51
30.83,-79.73,30.51
30.83,-79.71,30.49
30.83,-79.69,30.47
30.83,-79.67,30.47
30.83,-79.65,30.46
30.83,-79.63,30.43
30.83,-79.61,30.43
30.83,-79.59,30.44
30.83,-79.57,30.46
30.83,-79.55,30.44
30.83,-79.53,30.4
30.83,-79.51,30.42
30.83,-79.49,30.42
30.83,-79.47,30.37
30.83,-79.45,30.32
30.83,-79.09,30.03
30.83,-78.43,29.74
30.83,-78.41,29.74
30.83,-78.31,29.75
30.83,-78.29,29.73
30.83,-78.23,29.74
30.83,-78.21,29.78
30.83,-78.19,29.81
30.83,-78.17,29.84
30.83,-78.15,29.83
30.83,-78.13,29.84
30.83,-78.11,29.85
30.83,-78.09,29.86
30.83,-78.07,29.81
30.83,-78.05,29.81
30.83,-78.03,29.81
30.83,-78.01,29.75
30.83,-77.99,29.71
30.83,-77.93,29.72
30.83,-77.91,29.73
30.83,-77.89,29.73
30.83,-77.87,29.72
30.83,-77.85,29.63
30.83,-77.83,29.57
30.83,-77.81,29.53
30.83,-77.79,29.48
30.83,-77.77,29.51
30.83,-77.75,29.49
30.83,-77.73,29.51
30.83,-77.71,29.52
30.83,-77.69,29.54
30.83,-77.67,29.52
30.83,-77.65,29.56
30.83,-77.63,29.57
30.83,-77.61,29.47
30.83,-77.59,29.56
30.83,-77.57,29.58
30.83,-77.43,29.52
30.83,-77.41,29.52
30.83,-77.39,29.51
30.83,-77.37,29.57
30.83,-77.35,29.57
30.83,-77.33,29.6
30.83,-77.31,29.68
30.83,-77.29,29.67
30.83,-77.27,29.65
30.83,-77.25,29.64
30.83,-77.23,29.6
30.83,-77.21,29.63
30.83,-77.19,29.66
30.83,-77.17,29.63
30.83,-77.15,29.6
30.83,-77.03,29.73
30.83,-76.43,29.86
30.83,-76.41,29.88
30.83,-76.39,29.86
30.83,-76.37,29.78
30.83,-76.35,29.81
30.81,-81.43,29.23
30.81,-81.39,28.77
30.81,-81.37,28.72
30.81,-81.35,28.76
30.81,-81.33,28.76
30.81,-81.31,28.7
30.81,-81.29,28.56
30.81,-81.27,28.5
30.81,-81.25,28.4
30.81,-81.23,28.44
30.81,-81.21,28.4
30.81,-81.19,28.42
30.81,-81.17,28.38
30.81,-81.15,28.4
30.81,-81.13,28.47
30.81,-81.11,28.52
30.81,-81.09,28.71
30.81,-81.07,28.7
30.81,-81.05,28.71
30.81,-81.03,28.7
30.81,-81.01,28.75
30.81,-80.99,28.83
30.81,-80.97,28.94
30.81,-80.95,28.95
30.81,-80.93,28.95
30.81,-80.91,28.96
30.81,-80.89,28.94
30.81,-80.87,28.93
30.81,-80.85,28.97
30.81,-80.83,28.96
30.81,-80.81,28.98
30.81,-80.79,29.03
30.81,-80.77,29.02
30.81,-80.75,29.01
30.81,-80.73,29.03
30.81,-80.71,29.09
30.81,-80.69,29.15
30.81,-80.67,29.15
30.81,-80.65,29.13
30.81,-80.63,29.11
30.81,-80.61,29.11
30.81,-80.59,29.13
30.81,-80.57,29.19
30.81,-80.55,29.22
30.81,-80.53,29.23
30.81,-80.51,29.22
30.81,-80.49,29.19
30.81,-80.47,29.2
30.81,-80.45,29.18
30.81,-80.43,29.22
30.81,-80.41,29.22
30.81,-80.39,29.16
30.81,-80.37,29.11
30.81,-80.35,29.02
30.81,-80.33,29.09
30.81,-80.31,29.09
30.81,-80.29,29.17
30.81,-80.27,29.24
30.81,-80.25,29.3
30.81,-80.23,29.33
30.81,-80.21,29.43
30.81,-80.19,29.46
30.81,-80.17,29.53
30.81,-80.15,29.52
30.81,-80.13,30.26
30.81,-80.11,30.24
30.81,-80.09,30.33
30.81,-80.07,30.4
30.81,-80.05,30.44
30.81,-80.03,30.41
30.81,-80.01,30.34
30.81,-79.99,30.35
30.81,-79.97,30.43
30.81,-79.95,30.44
30.81,-79.93,30.42
30.81,-79.91,30.42
30.81,-79.89,30.42
30.81,-79.87,30.45
30.81,-79.85,30.52
30.81,-79.83,30.57
30.81,-79.81,30.62
30.81,-79.79,30.58
30.81,-79.77,30.53
30.81,-79.75,30.53
30.81,-79.73,30.53
30.81,-79.71,30.52
30.81,-79.69,30.49
30.81,-79.67,30.49
30.81,-79.65,30.43
30.81,-79.63,30.41
30.81,-79.61,30.38
30.81,-79.59,30.37
30.81,-79.57,30.36
30.81,-79.55,30.32
30.81,-79.53,30.31
30.81,-79.51,30.31
30.81,-79.49,30.33
30.81,-78.31,29.76
30.81,-78.29,29.75
30.81,-78.21,29.75
30.81,-78.19,29.75
30.81,-78.17,29.74
30.81,-78.15,29.76
30.81,-78.13,29.87
30.81,-78.11,29.88
30.81,-78.09,29.78
30.81,-78.07,29.78
30.81,-78.05,29.78
30.81,-78.03,29.77
30.81,-78.01,29.73
30.81,-77.99,29.69
30.81,-77.97,29.65
30.81,-77.95,29.68
30.81,-77.93,29.71
30.81,-77.91,29.68
30.81,-77.89,29.63
30.81,-77.87,29.6
30.81,-77.85,29.55
30.81,-77.83,29.43
30.81,-77.81,29.45
30.81,-77.79,29.44
30.81,-77.77,29.44
30.81,-77.75,29.51
30.81,-77.73,29.57
30.81,-77.71,29.56
30.81,-77.69,29.5
30.81,-77.67,29.48
30.81,-77.65,29.47
30.81,-77.63,29.43
30.81,-77.61,29.44
30.81,-77.41,29.52
30.81,-77.39,29.56
30.81,-77.37,29.59
30.81,-77.35,29.58
30.81,-77.33,29.62
30.81,-77.31,29.63
30.81,-77.29,29.68
30.81,-77.27,29.67
30.81,-77.25,29.67
30.81,-77.23,29.67
30.81,-77.21,29.66
30.81,-77.19,29.65
30.81,-77.17,29.62
30.81,-77.03,29.72
30.81,-77.01,29.71
30.81,-76.43,29.83
30.81,-76.41,29.8
30.81,-76.39,29.75
30.81,-76.37,29.81
30.81,-76.35,29.86
30.81,-76.33,29.89
30.79,-81.39,28.69
30.79,-81.37,28.61
30.79,-81.35,28.47
30.79,-81.33,28.55
30.79,-81.31,28.51
30.79,-81.29,28.52
30.79,-81.27,28.54
30.79,-81.25,28.48
30.79,-81.23,28.42
30.79,-81.21,28.42
30.79,-81.19,28.45
30.79,-81.17,28.46
30.79,-81.15,28.51
30.79,-81.13,28.56
30.79,-81.11,28.54
30.79,-81.09,28.66
30.79,-81.07,28.67
30.79,-81.05,28.64
30.79,-81.03,28.72
30.79,-81.01,28.87
30.79,-80.99,28.94
30.79,-80.97,28.95
30.79,-80.95,28.99
30.79,-80.93,28.95
30.79,-80.91,28.95
30.79,-80.89,28.98
30.79,-80.87,29.0
30.79,-80.85,28.99
30.79,-80.83,28.95
30.79,-80.81,28.9
30.79,-80.79,28.96
30.79,-80.77,28.98
30.79,-80.75,29.05
30.79,-80.73,29.08
30.79,-80.71,29.14
30.79,-80.69,29.18
30.79,-80.67,29.15
30.79,-80.65,29.15
30.79,-80.63,29.13
30.79,-80.61,29.14
30.79,-80.59,29.17
30.79,-80.57,29.23
30.79,-80.55,29.29
30.79,-80.53,29.25
30.79,-80.51,29.19
30.79,-80.49,29.16
30.79,-80.47,29.24
30.79,-80.45,29.22
30.79,-80.43,29.23
30.79,-80.41,29.16
30.79,-80.39,29.08
30.79,-80.37,29.03
30.79,-80.35,29.03
30.79,-80.33,29.16
30.79,-80.31,29.12
30.79,-80.29,29.11
30.79,-80.27,29.35
30.79,-80.25,29.34
30.79,-80.23,29.39
30.79,-80.21,29.48
30.79,-80.19,29.54
30.79,-80.17,29.6
30.79,-80.15,29.68
30.79,-80.13,30.27
30.79,-80.11,30.32
30.79,-80.09,30.37
30.79,-80.07,30.39
30.79,-80.05,30.38
30.79,-80.03,30.36
30.79,-80.01,30.33
30.79,-79.99,30.38
30.79,-79.97,30.43
30.79,-79.95,30.44
30.79,-79.93,30.43
30.79,-79.91,30.4
30.79,-79.89,30.43
30.79,-79.87,30.49
30.79,-79.85,30.53
30.79,-79.83,30.53
30.79,-79.81,30.53
30.79,-79.79,30.56
30.79,-79.77,30.58
30.79,-79.75,30.54
30.79,-79.73,30.51
30.79,-79.71,30.48
30.79,-79.69,30.44
30.79,-79.67,30.45
30.79,-79.65,30.41
30.79,-79.63,30.34
30.79,-79.61,30.25
30.79,-79.59,30.22
30.79,-79.57,30.24
30.79,-79.55,30.26
30.79,-79.53,30.25
30.79,-79.51,30.21
30.79,-78.17,29.77
30.79,-78.15,29.78
30.79,-78.13,29.8
30.79,-78.11,29.77
30.79,-78.09,29.73
30.79,-78.03,29.73
30.79,-78.01,29.73
30.79,-77.99,29.63
30.79,-77.97,29.7
30.79,-77.95,29.68
30.79,-77.93,29.71
30.79,-77.91,29.69
30.79,-77.89,29.62
30.79,-77.83,29.43
30.79,-77.81,29.42
30.79,-77.75,29.56
30.79,-77.73,29.61
30.79,-77.71,29.54
30.79,-77.69,29.48
30.79,-77.67,29.53
30.79,-77.65,29.54
30.79,-77.63,29.61
30.79,-77.61,29.57
30.79,-77.51,29.57
30.79,-77.45,29.57
30.79,-77.43,29.55
30.79,-77.41,29.56
30.79,-77.39,29.6
30.79,-77.37,29.66
30.79,-77.35,29.65
30.79,-77.33,29.67
30.79,-77.31,29.67
30.79,-77.29,29.7
30.79,-77.27,29.7
30.79,-77.25,29.69
30.79,-77.23,29.68
30.79,-77.21,29.66
30.79,-77.19,29.64
30.79,-77.17,29.65
30.79,-77.03,29.67
30.79,-77.01,29.68
30.79,-76.39,29.79
30.79,-76.37,29.8
30.79,-76.35,29.87
30.79,-76.33,29.86
30.79,-76.31,29.85
30.79,-76.29,29.83
30.77,-81.37,28.5
30.77,-81.35,28.37
30.77,-81.33,28.38
30.77,-81.31,28.4
30.77,-81.29,28.4
30.77,-81.27,28.42
30.77,-81.25,28.41
30.77,-81.23,28.42
30.77,-81.21,28.47
30.77,-81.19,28.48
30.77,-81.17,28.56
30.77,-81.15,28.63
30.77,-81.13,28.72
30.77,-81.11,28.74
30.77,-81.09,28.65
30.77,-81.07,28.64
30.77,-81.05,28.58
30.77,-81.03,28.75
30.77,-81.01,28.89
30.77,-80.99,29.01
30.77,-80.97,28.99
30.77,-80.95,28.99
30.77,-80.93,29.02
30.77,-80.91,29.05
30.77,-80.89,29.01
30.77,-80.87,29.03
30.77,-80.85,28.96
30.77,-80.83,28.93
30.77,-80.81,28.91
30.77,-80.79,28.99
30.77,-80.77,29.05
30.77,-80.75,29.07
30.77,-80.73,29.08
30.77,-80.71,29.12
30.77,-80.69,29.16
30.77,-80.67,29.13
30.77,-80.65,29.13
30.77,-80.63,29.14
30.77,-80.61,29.17
30.77,-80.59,29.2
30.77,-80.57,29.22
30.77,-80.55,29.23
30.77,-80.53,29.2
30.77,-80.51,29.2
30.77,-80.49,29.22
30.77,-80.47,29.25
30.77,-80.45,29.2
30.77,-80.43,29.15
30.77,-80.41,29.05
30.77,-80.39,28.98
30.77,-80.37,29.03
30.77,-80.35,29.13
30.77,-80.33,29.14
30.77,-80.31,29.1
30.77,-80.29,29.2
30.77,-80.27,29.25
30.77,-80.25,29.36
30.77,-80.23,29.48
30.77,-80.21,29.57
30.77,-80.19,29.63
30.77,-80.17,29.6
30.77,-80.15,29.95
30.77,-80.13,30.33
30.77,-80.11,30.28
30.77,-80.09,30.34
30.77,-80.07,30.35
30.77,-80.05,30.34
30.77,-80.03,30.37
30.77,-80.01,30.36
30.77,-79.99,30.37
30.77,-79.97,30.39
30.77,-79.95,30.35
30.77,-79.93,30.35
30.77,-79.91,30.42
30.77,-79.89,30.47
30.77,-79.87,30.48
30.77,-79.85,30.48
30.77,-79.83,30.46
30.77,-79.81,30.5
30.77,-79.79,30.59
30.77,-79.77,30.62
30.77,-79.75,30.53
30.77,-79.73,30.52
30.77,-79.71,30.45
30.77,-79.69,30.39
30.77,-79.67,30.36
30.77,-79.65,30.29
30.77,-79.63,30.24
30.77,-79.61,30.25
30.77,-79.59,30.22
30.77,-79.57,30.22
30.77,-79.55,30.21
30.77,-79.53,30.11
30.77,-79.51,30.06
30.77,-79.49,30.07
30.77,-79.13,29.98
30.77,-79.03,30.0
30.77,-78.19,29.74
30.77,-78.17,29.76
30.77,-78.15,29.75
30.77,-78.13,29.74
30.77,-78.11,29.71
30.77,-78.07,29.7
30.77,-78.05,29.76
30.77,-78.03,29.75
30.77,-78.01,29.82
30.77,-77.99,29.7
30.77,-77.97,29.72
30.77,-77.95,29.63
30.77,-77.67,29.52
30.77,-77.65,29.5
30.77,-77.63,29.51
30.77,-77.61,29.58
30.77,-77.47,29.53
30.77,-77.45,29.6
30.77,-77.43,29.56
30.77,-77.41,29.57
30.77,-77.39,29.62
30.77,-77.37,29.68
30.77,-77.35,29.69
30.77,-77.33,29.69
30.77,-77.31,29.69
30.77,-77.29,29.71
30.77,-77.27,29.71
30.77,-77.25,29.69
30.77,-77.23,29.7
30.77,-77.21,29.69
30.77,-77.19,29.68
30.77,-77.17,29.69
30.77,-77.15,29.72
30.77,-77.13,29.73
30.77,-77.11,29.71
30.77,-76.37,29.85
30.77,-76.35,29.86
30.77,-76.33,29.87
30.77,-76.31,29.86
30.77,-76.29,29.85
30.75,-81.45,29.0
30.75,-81.43,28.96
30.75,-81.41,28.95
30.75,-81.39,28.94
30.75,-81.37,28.95
30.75,-81.35,28.59
30.75,-81.33,28.41
30.75,-81.31,28.39
30.75,-81.29,28.38
30.75,-81.27,28.39
30.75,-81.25,28.4
30.75,-81.23,28.45
30.75,-81.21,28.49
30.75,-81.19,28.53
30.75,-81.17,28.62
30.75,-81.15,28.65
30.75,-81.13,28.79
30.75,-81.11,28.82
30.75,-81.09,28.76
30.75,-81.07,28.75
30.75,-81.05,28.76
30.75,-81.03,28.78
30.75,-81.01,28.89
30.75,-80.99,28.94
30.75,-80.97,29.07
30.75,-80.95,28.99
30.75,-80.93,29.03
30.75,-80.91,29.06
30.75,-80.89,29.02
30.75,-80.87,29.05
30.75,-80.85,28.97
30.75,-80.83,28.93
30.75,-80.81,28.96
30.75,-80.79,29.01
30.75,-80.77,29.08
30.75,-80.75,29.1
30.75,-80.73,29.09
30.75,-80.71,29.12
30.75,-80.69,29.09
30.75,-80.67,29.09
30.75,-80.65,29.11
30.75,-80.63,29.12
30.75,-80.61,29.14
30.75,-80.59,29.18
30.75,-80.57,29.21
30.75,-80.55,29.19
30.75,-80.53,29.16
30.75,-80.51,29.23
30.75,-80.49,29.23
30.75,-80.47,29.17
30.75,-80.45,29.11
30.75,-80.43,29.06
30.75,-80.41,28.97
30.75,-80.39,29.02
30.75,-80.37,29.04
30.75,-80.35,29.09
30.75,-80.33,29.11
30.75,-80.31,29.14
30.75,-80.29,29.21
30.75,-80.27,29.31
30.75,-80.25,29.45
30.75,-80.23,29.53
30.75,-80.21,29.61
30.75,-80.19,29.61
30.75,-80.17,29.69
30.75,-80.15,30.29
30.75,-80.13,30.3
30.75,-80.11,30.26
30.75,-80.09,30.24
30.75,-80.07,30.28
30.75,-80.05,30.35
30.75,-80.03,30.37
30.75,-80.01,30.34
30.75,-79.99,30.33
30.75,-79.97,30.32
30.75,-79.95,30.26
30.75,-79.93,30.37
30.75,-79.91,30.45
30.75,-79.89,30.44
30.75,-79.87,30.43
30.75,-79.85,30.42
30.75,-79.83,30.43
30.75,-79.81,30.47
30.75,-79.79,30.51
30.75,-79.77,30.55
30.75,-79.75,30.46
30.75,-79.73,30.36
30.75,-79.71,30.32
30.75,-79.69,30.26
30.75,-79.67,30.29
30.75,-79.65,30.26
30.75,-79.63,30.23
30.75,-79.61,30.19
30.75,-79.59,30.17
30.75,-79.57,30.17
30.75,-79.55,30.15
30.75,-79.53,30.06
30.75,-79.51,30.06
30.75,-79.49,30.09
30.75,-78.21,29.75
30.75,-78.19,29.76
30.75,-78.17,29.79
30.75,-78.15,29.82
30.75,-78.13,29.79
30.75,-78.11,29.7
30.75,-78.09,29.67
30.75,-78.07,29.68
30.75,-78.05,29.79
30.75,-78.03,29.73
30.75,-78.01,29.68
30.75,-77.99,29.59
30.75,-77.97,29.58
30.75,-77.95,29.5
30.75,-77.93,29.53
30.75,-77.89,29.76
30.75,-77.83,29.59
30.75,-77.65,29.46
30.75,-77.63,29.49
30.75,-77.61,29.54
30.75,-77.55,29.33
30.75,-77.53,29.28
30.75,-77.51,29.32
30.75,-77.49,29.46
30.75,-77.47,29.48
30.75,-77.45,29.47
30.75,-77.43,29.59
30.75,-77.41,29.54
30.75,-77.39,29.56
30.75,-77.37,29.58
30.75,-77.35,29.66
30.75,-77.33,29.69
30.75,-77.31,29.73
30.75,-77.29,29.71
30.75,-77.27,29.69
30.75,-77.25,29.67
30.75,-77.23,29.69
30.75,-77.21,29.73
30.75,-77.19,29.71
30.75,-77.17,29.71
30.75,-77.15,29.71
30.75,-77.13,29.72
30.75,-77.11,29.7
30.75,-77.09,29.68
30.75,-77.07,29.66
30.75,-77.05,29.67
30.75,-76.37,29.83
30.75,-76.35,29.79
30.75,-76.33,29.83
30.75,-76.31,29.87
30.73,-81.45,29.01
30.73,-81.43,28.77
30.73,-81.41,28.67
30.73,-81.39,28.46
30.73,-81.37,28.73
30.73,-81.35,28.53
30.73,-81.33,28.45
30.73,-81.31,28.4
30.73,-81.29,28.43
30.73,-81.27,28.44
30.73,-81.25,28.42
30.73,-81.23,28.49
30.73,-81.21,28.54
30.73,-81.19,28.62
30.73,-81.17,28.66
30.73,-81.15,28.69
30.73,-81.13,28.75
30.73,-81.11,28.79
30.73,-81.09,28.77
30.73,-81.07,28.82
30.73,-81.05,28.83
30.73,-81.03,28.84
30.73,-81.01,28.89
30.73,-80.99,28.98
30.73,-80.97,29.03
30.73,-80.95,29.01
30.73,-80.93,29.04
30.73,-80.91,29.05
30.73,-80.89,29.07
30.73,-80.87,29.07
30.73,-80.85,28.99
30.73,-80.83,29.01
30.73,-80.81,29.01
30.73,-80.79,29.03
30.73,-80.77,29.06
30.73,-80.75,29.07
30.73,-80.73,29.04
30.73,-80.71,29.08
30.73,-80.69,29.09
30.73,-80.67,29.04
30.73,-80.65,29.05
30.73,-80.63,29.09
30.73,-80.61,29.14
30.73,-80.59,29.14
30.73,-80.57,29.17
30.73,-80.55,29.15
30.73,-80.53,29.17
30.73,-80.51,29.21
30.73,-80.49,29.14
30.73,-80.47,29.11
30.73,-80.45,29.01
30.73,-80.43,28.96
30.73,-80.41,28.96
30.73,-80.39,29.03
30.73,-80.37,29.03
30.73,-80.35,29.03
30.73,-80.33,29.08
30.73,-80.31,29.16
30.73,-80.29,29.25
30.73,-80.27,29.36
30.73,-80.25,29.41
30.73,-80.23,29.54
30.73,-80.21,29.57
30.73,-80.19,29.68
30.73,-80.17,30.1
30.73,-80.15,30.29
30.73,-80.13,30.22
30.73,-80.11,30.23
30.73,-80.09,30.24
30.73,-80.07,30.27
30.73,-80.05,30.41
30.73,-80.03,30.32
30.73,-80.01,30.33
30.73,-79.99,30.33
30.73,-79.97,30.28
30.73,-79.95,30.28
30.73,-79.93,30.37
30.73,-79.91,30.35
30.73,-79.89,30.34
30.73,-79.87,30.4
30.73,-79.85,30.47
30.73,-79.83,30.49
30.73,-79.81,30.48
30.73,-79.79,30.4
30.73,-79.77,30.36
30.73,-79.75,30.37
30.73,-79.73,30.24
30.73,-79.71,30.2
30.73,-79.69,30.21
30.73,-79.67,30.22
30.73,-79.65,30.22
30.73,-79.63,30.19
30.73,-79.61,30.21
30.73,-79.59,30.16
30.73,-79.57,30.15
30.73,-79.55,30.11
30.73,-79.53,30.08
30.73,-79.51,30.05
30.73,-79.49,30.05
30.73,-78.67,29.83
30.73,-78.51,29.74
30.73,-78.49,29.77
30.73,-78.15,29.81
30.73,-78.13,29.78
30.73,-78.11,29.76
30.73,-78.09,29.79
30.73,-78.07,29.78
30.73,-78.05,29.7
30.73,-78.03,29.72
30.73,-78.01,29.72
30.73,-77.97,29.65
30.73,-77.95,29.62
30.73,-77.93,29.62
30.73,-77.91,29.64
30.73,-77.89,29.73
30.73,-77.87,29.75
30.73,-77.85,29.51
30.73,-77.83,29.49
30.73,-77.81,29.55
30.73,-77.69,29.64
30.73,-77.67,29.68
30.73,-77.65,29.67
30.73,-77.63,29.66
30.73,-77.61,29.67
30.73,-77.53,29.39
30.73,-77.51,29.4
30.73,-77.49,29.54
30.73,-77.47,29.57
30.73,-77.45,29.55
30.73,-77.43,29.58
30.73,-77.41,29.65
30.73,-77.39,29.67
30.73,-77.37,29.64
30.73,-77.35,29.71
30.73,-77.33,29.76
30.73,-77.31,29.7
30.73,-77.29,29.7
30.73,-77.27,29.68
30.73,-77.25,29.67
30.73,-77.23,29.67
30.73,-77.21,29.67
30.73,-77.19,29.67
30.73,-77.17,29.71
30.73,-77.15,29.76
30.73,-77.13,29.73
30.73,-77.11,29.71
30.73,-77.09,29.69
30.73,-76.35,29.77
30.73,-76.33,29.78
30.71,-81.45,29.05
30.71,-81.43,28.75
30.71,-81.41,28.7
30.71,-81.39,28.31
30.71,-81.37,28.62
30.71,-81.35,28.51
30.71,-81.33,28.51
30.71,-81.31,28.48
30.71,-81.29,28.41
30.71,-81.27,28.49
30.71,-81.25,28.51
30.71,-81.23,28.56
30.71,-81.21,28.6
30.71,-81.19,28.62
30.71,-81.17,28.65
30.71,-81.15,28.71
30.71,-81.13,28.71
30.71,-81.11,28.73
30.71,-81.09,28.73
30.71,-81.07,28.78
30.71,-81.05,28.81
30.71,-81.03,28.85
30.71,-81.01,28.9
30.71,-80.99,29.01
30.71,-80.97,29.07
30.71,-80.95,29.03
30.71,-80.93,29.04
30.71,-80.91,29.05
30.71,-80.89,29.07
30.71,-80.87,29.06
30.71,-80.85,29.05
30.71,-80.83,29.07
30.71,-80.81,29.07
30.71,-80.79,29.01
30.71,-80.77,29.02
30.71,-80.75,29.02
30.71,-80.73,29.05
30.71,-80.71,29.06
30.71,-80.69,29.03
30.71,-80.67,28.98
30.71,-80.65,29.0
30.71,-80.63,29.07
30.71,-80.61,29.11
30.71,-80.59,29.1
30.71,-80.57,29.16
30.71,-80.55,29.13
30.71,-80.53,29.14
30.71,-80.51,29.1
30.71,-80.49,29.07
30.71,-80.47,29.07
30.71,-80.45,28.96
30.71,-80.43,28.9
30.71,-80.41,28.94
30.71,-80.39,28.97
30.71,-80.37,28.98
30.71,-80.35,29.02
30.71,-80.33,29.09
30.71,-80.31,29.23
30.71,-80.29,29.32
30.71,-80.27,29.32
30.71,-80.25,29.41
30.71,-80.23,29.45
30.71,-80.21,29.57
30.71,-80.19,29.99
30.71,-80.17,30.19
30.71,-80.15,30.22
30.71,-80.13,30.19
30.71,-80.11,30.21
30.71,-80.09,30.25
30.71,-80.07,30.29
30.71,-80.05,30.4
30.71,-80.03,30.27
30.71,-80.01,30.28
30.71,-79.99,30.31
30.71,-79.97,30.29
30.71,-79.95,30.33
30.71,-79.93,30.31
30.71,-79.91,30.27
30.71,-79.89,30.34
30.71,-79.87,30.43
30.71,-79.85,30.45
30.71,-79.83,30.48
30.71,-79.81,30.42
30.71,-79.79,30.31
30.71,-79.77,30.25
30.71,-79.75,30.3
30.71,-79.73,30.24
30.71,-79.71,30.18
30.71,-79.69,30.14
30.71,-79.67,30.08
30.71,-79.65,30.01
30.71,-79.63,30.15
30.71,-79.61,30.18
30.71,-79.59,30.15
30.71,-79.57,30.12
30.71,-79.55,30.08
30.71,-79.53,30.08
30.71,-79.51,30.05
30.71,-79.49,30.01
30.71,-79.07,30.02
30.71,-79.05,29.95
30.71,-79.03,29.93
30.71,-78.55,29.82
30.71,-78.53,29.88
30.71,-78.51,29.97
30.71,-78.49,29.86
30.71,-78.47,29.85
30.71,-78.15,29.84
30.71,-78.13,29.78
30.71,-78.11,29.8
30.71,-78.09,29.86
30.71,-78.07,29.79
30.71,-78.05,29.74
30.71,-78.03,29.73
30.71,-78.01,29.67
30.71,-77.99,29.68
30.71,-77.97,29.73
30.71,-77.95,29.74
30.71,-77.93,29.69
30.71,-77.91,29.69
30.71,-77.89,29.7
30.71,-77.83,29.51
30.71,-77.81,29.58
30.71,-77.79,29.62
30.71,-77.77,29.55
30.71,-77.75,29.59
30.71,-77.73,29.59
30.71,-77.71,29.6
30.71,-77.69,29.67
30.71,-77.67,29.65
30.71,-77.65,29.71
30.71,-77.63,29.76
30.71,-77.61,29.71
30.71,-77.59,29.72
30.71,-77.53,29.46
30.71,-77.51,29.46
30.71,-77.49,29.49
30.71,-77.47,29.52
30.71,-77.45,29.53
30.71,-77.43,29.6
30.71,-77.41,29.69
30.71,-77.39,29.67
30.71,-77.37,29.73
30.71,-77.35,29.78
30.71,-77.33,29.78
30.71,-77.31,29.73
30.71,-77.29,29.7
30.71,-77.27,29.69
30.71,-77.25,29.66
30.71,-77.23,29.65
30.71,-77.21,29.67
30.71,-77.19,29.66
30.71,-77.17,29.68
30.71,-77.15,29.87
30.71,-77.13,29.78
30.71,-77.11,29.7
30.71,-77.09,29.69
30.69,-81.39,28.27
30.69,-81.37,28.4
30.69,-81.35,28.44
30.69,-81.33,28.47
30.69,-81.31,28.46
30.69,-81.29,28.43
30.69,-81.27,28.52
30.69,-81.25,28.58
30.69,-81.23,28.61
30.69,-81.21,28.63
30.69,-81.19,28.64
30.69,-81.17,28.62
30.69,-81.15,28.63
30.69,-81.13,28.66
30.69,-81.11,28.64
30.69,-81.09,28.7
30.69,-81.07,28.74
30.69,-81.05,28.79
30.69,-81.03,28.86
30.69,-81.01,28.92
30.69,-80.99,29.04
30.69,-80.97,29.07
30.69,-80.95,29.02
30.69,-80.93,29.04
30.69,-80.91,29.05
30.69,-80.89,29.08
30.69,-80.87,29.06
30.69,-80.85,29.09
30.69,-80.83,29.07
30.69,-80.81,29.0
30.69,-80.79,29.03
30.69,-80.77,29.05
30.69,-80.75,29.04
30.69,-80.73,29.04
30.69,-80.71,29.04
30.69,-80.69,28.97
30.69,-80.67,29.0
30.69,-80.65,29.03
30.69,-80.63,29.06
30.69,-80.61,29.07
30.69,-80.59,29.1
30.69,-80.57,29.12
30.69,-80.55,29.06
30.69,-80.53,29.03
30.69,-80.51,28.99
30.69,-80.49,28.99
30.69,-80.47,28.94
30.69,-80.45,28.93
30.69,-80.43,28.97
30.69,-80.41,29.01
30.69,-80.39,28.98
30.69,-80.37,28.95
30.69,-80.35,28.98
30.69,-80.33,29.1
30.69,-80.31,29.34
30.69,-80.29,29.33
30.69,-80.27,29.32
30.69,-80.25,29.43
30.69,-80.23,29.47
30.69,-80.21,29.63
30.69,-80.19,30.07
30.69,-80.17,30.26
30.69,-80.15,30.22
30.69,-80.13,30.18
30.69,-80.11,30.19
30.69,-80.09,30.27
30.69,-80.07,30.34
30.69,-80.05,30.25
30.69,-80.03,30.27
30.69,-80.01,30.31
30.69,-79.99,30.32
30.69,-79.97,30.29
30.69,-79.95,30.25
30.69,-79.93,30.29
30.69,-79.91,30.37
30.69,-79.89,30.4
30.69,-79.87,30.39
30.69,-79.85,30.4
30.69,-79.83,30.48
30.69,-79.81,30.42
30.69,-79.79,30.38
30.69,-79.77,30.34
30.69,-79.75,30.28
30.69,-79.73,30.18
30.69,-79.71,30.14
30.69,-79.69,30.09
30.69,-79.67,30.0
30.69,-79.65,30.03
30.69,-79.63,30.17
30.69,-79.61,30.14
30.69,-79.59,30.09
30.69,-79.57,30.1
30.69,-79.55,30.13
30.69,-79.53,30.09
30.69,-79.51,30.03
30.69,-79.13,30.01
30.69,-79.11,30.02
30.69,-79.09,30.03
30.69,-79.07,30.03
30.69,-79.05,29.97
30.69,-79.03,29.94
30.69,-79.01,29.91
30.69,-78.99,29.87
30.69,-78.97,29.83
30.69,-78.95,29.83
30.69,-78.93,29.83
30.69,-78.59,29.75
30.69,-78.57,29.82
30.69,-78.55,29.82
30.69,-78.53,29.87
30.69,-78.51,29.93
30.69,-78.49,29.85
30.69,-78.47,29.85
30.69,-78.45,29.9
30.69,-78.43,29.85
30.69,-78.41,29.8
30.69,-78.37,29.96
30.69,-78.35,29.9
30.69,-78.33,29.88
30.69,-78.31,29.87
30.69,-78.19,29.84
30.69,-78.15,29.81
30.69,-78.13,29.8
30.69,-78.11,29.79
30.69,-78.09,29.84
30.69,-78.07,29.73
30.69,-78.05,29.68
30.69,-78.03,29.65
30.69,-78.01,29.62
30.69,-77.99,29.66
30.69,-77.97,29.69
30.69,-77.95,29.66
30.69,-77.93,29.62
30.69,-77.91,29.71
30.69,-77.89,29.68
30.69,-77.87,29.64
30.69,-77.85,29.64
30.69,-77.83,29.65
30.69,-77.81,29.67
30.69,-77.79,29.7
30.69,-77.77,29.69
30.69,-77.75,29.59
30.69,-77.73,29.64
30.69,-77.71,29.73
30.69,-77.69,29.75
30.69,-77.67,29.72
30.69,-77.65,29.74
30.69,-77.63,29.71
30.69,-77.61,29.68
30.69,-77.59,29.68
30.69,-77.51,29.46
30.69,-77.49,29.46
30.69,-77.47,29.51
30.69,-77.45,29.55
30.69,-77.43,29.59
30.69,-77.41,29.65
30.69,-77.39,29.68
30.69,-77.37,29.72
30.69,-77.35,29.73
30.69,-77.33,29.76
30.69,-77.31,29.74
30.69,-77.29,29.71
30.69,-77.27,29.69
30.69,-77.25,29.67
30.69,-77.23,29.68
30.69,-77.21,29.69
30.69,-77.19,29.64
30.69,-77.17,29.69
30.69,-77.15,29.69
30.69,-77.13,29.67
30.67,-81.43,28.41
30.67,-81.41,28.42
30.67,-81.39,28.36
30.67,-81.37,28.32
30.67,-81.35,28.29
30.67,-81.33,28.38
30.67,-81.31,28.34
30.67,-81.29,28.44
30.67,-81.27,28.48
30.67,-81.25,28.6
30.67,-81.23,28.64
30.67,-81.21,28.64
30.67,-81.19,28.6
30.67,-81.17,28.58
30.67,-81.15,28.58
30.67,-81.13,28.62
30.67,-81.11,28.59
30.67,-81.09,28.68
30.67,-81.07,28.79
30.67,-81.05,28.87
30.67,-81.03,28.94
30.67,-81.01,28.95
30.67,-80.99,29.05
30.67,-80.97,29.08
30.67,-80.95,29.06
30.67,-80.93,29.02
30.67,-80.91,29.07
30.67,-80.89,29.07
30.67,-80.87,29.07
30.67,-80.85,29.05
30.67,-80.83,29.01
30.67,-80.81,29.03
30.67,-80.79,29.02
30.67,-80.77,29.02
30.67,-80.75,29.01
30.67,-80.73,29.03
30.67,-80.71,29.0
30.67,-80.69,29.01
30.67,-80.67,29.03
30.67,-80.65,29.02
30.67,-80.63,29.08
30.67,-80.61,29.06
30.67,-80.59,29.07
30.67,-80.57,29.0
30.67,-80.55,28.97
30.67,-80.53,28.92
30.67,-80.51,28.92
30.67,-80.49,28.92
30.67,-80.47,28.94
30.67,-80.45,28.97
30.67,-80.43,28.99
30.67,-80.41,28.97
30.67,-80.39,28.94
30.67,-80.37,29.0
30.67,-80.35,29.01
30.67,-80.33,29.1
30.67,-80.31,29.25
30.67,-80.29,29.34
30.67,-80.27,29.41
30.67,-80.25,29.44
30.67,-80.23,29.57
30.67,-80.21,29.67
30.67,-80.19,30.06
30.67,-80.17,30.21
30.67,-80.15,30.21
30.67,-80.13,30.18
30.67,-80.11,30.25
30.67,-80.09,30.31
30.67,-80.07,30.28
30.67,-80.05,30.28
30.67,-80.03,30.34
30.67,-80.01,30.37
30.67,-79.99,30.29
30.67,-79.97,30.25
30.67,-79.95,30.26
30.67,-79.93,30.34
30.67,-79.91,30.36
30.67,-79.89,30.34
30.67,-79.87,30.42
30.67,-79.85,30.45
30.67,-79.83,30.46
30.67,-79.81,30.47
30.67,-79.79,30.46
30.67,-79.77,30.38
30.67,-79.75,30.3
30.67,-79.73,30.16
30.67,-79.71,30.08
30.67,-79.69,30.03
30.67,-79.67,30.06
30.67,-79.65,30.19
30.67,-79.63,30.22
30.67,-79.61,30.16
30.67,-79.59,30.15
30.67,-79.57,30.11
30.67,-79.55,30.07
30.67,-79.53,30.07
30.67,-79.51,30.12
30.67,-79.23,30.1
30.67,-79.21,30.06
30.67,-79.19,30.0
30.67,-79.17,30.01
30.67,-79.15,29.98
30.67,-79.13,30.07
30.67,-79.11,30.13
30.67,-79.09,30.06
30.67,-79.07,30.08
30.67,-79.05,29.99
30.67,-79.03,29.95
30.67,-79.01,29.92
30.67,-78.99,29.91
30.67,-78.97,29.93
30.67,-78.95,29.92
30.67,-78.93,29.89
30.67,-78.91,29.83
30.67,-78.89,29.76
30.67,-78.87,29.76
30.67,-78.83,29.78
30.67,-78.77,29.82
30.67,-78.75,29.84
30.67,-78.73,29.77
30.67,-78.63,29.76
30.67,-78.61,29.8
30.67,-78.59,29.85
30.67,-78.57,29.86
30.67,-78.55,29.88
30.67,-78.53,29.91
30.67,-78.51,29.92
30.67,-78.49,29.87
30.67,-78.47,29.85
30.67,-78.45,29.89
30.67,-78.43,29.87
30.67,-78.41,29.79
30.67,-78.39,29.79
30.67,-78.37,29.97
30.67,-78.35,29.91
30.67,-78.33,29.88
30.67,-78.31,29.87
30.67,-78.11,29.74
30.67,-78.09,29.74
30.67,-78.07,29.71
30.67,-78.05,29.66
30.67,-78.03,29.54
30.67,-78.01,29.58
30.67,-77.99,29.62
30.67,-77.97,29.67
30.67,-77.95,29.69
30.67,-77.93,29.7
30.67,-77.91,29.71
30.67,-77.89,29.65
30.67,-77.87,29.65
30.67,-77.85,29.69
30.67,-77.83,29.7
30.67,-77.81,29.74
30.67,-77.79,29.76
30.67,-77.77,29.66
30.67,-77.75,29.61
30.67,-77.73,29.62
30.67,-77.71,29.67
30.67,-77.69,29.78
30.67,-77.67,29.89
30.67,-77.65,29.81
30.67,-77.63,29.76
30.67,-77.61,29.75
30.67,-77.59,29.77
30.67,-77.53,29.45
30.67,-77.49,29.47
30.67,-77.47,29.48
30.67,-77.45,29.49
30.67,-77.43,29.52
30.67,-77.41,29.67
30.67,-77.39,29.74
30.67,-77.37,29.76
30.67,-77.35,29.76
30.67,-77.33,29.73
30.67,-77.31,29.71
30.67,-77.29,29.72
30.67,-77.27,29.71
30.67,-77.25,29.69
30.67,-77.23,29.7
30.67,-77.21,29.72
30.67,-77.19,29.66
30.67,-77.17,29.68
30.67,-77.15,29.66
30.67,-77.13,29.66
30.67,-77.11,29.67
30.65,-81.43,28.52
30.65,-81.41,28.38
30.65,-81.39,28.35
30.65,-81.37,28.28
30.65,-81.35,28.17
30.65,-81.33,28.27
30.65,-81.31,28.29
30.65,-81.29,28.38
30.65,-81.27,28.48
30.65,-81.25,28.59
30.65,-81.23,28.63
30.65,-81.21,28.58
30.65,-81.19,28.58
30.65,-81.17,28.52
30.65,-81.15,28.52
30.65,-81.13,28.53
30.65,-81.11,28.57
30.65,-81.09,28.7
30.65,-81.07,28.81
30.65,-81.05,28.95
30.65,-81.03,28.98
30.65,-81.01,28.97
30.65,-80.99,29.01
30.65,-80.97,29.09
30.65,-80.95,29.09
30.65,-80.93,29.02
30.65,-80.91,29.08
30.65,-80.89,29.09
30.65,-80.87,29.07
30.65,-80.85,29.06
30.65,-80.83,29.04
30.65,-80.81,29.04
30.65,-80.79,29.02
30.65,-80.77,28.99
30.65,-80.75,29.0
30.65,-80.73,29.04
30.65,-80.71,29.06
30.65,-80.69,29.04
30.65,-80.67,29.04
30.65,-80.65,29.05
30.65,-80.63,29.04
30.65,-80.61,29.03
30.65,-80.59,29.02
30.65,-80.57,28.97
30.65,-80.55,28.95
30.65,-80.53,28.92
30.65,-80.51,28.89
30.65,-80.49,28.92
30.65,-80.47,28.97
30.65,-80.45,28.91
30.65,-80.43,28.92
30.65,-80.41,28.96
30.65,-80.39,28.96
30.65,-80.37,29.0
30.65,-80.35,28.96
30.65,-80.33,29.21
30.65,-80.31,29.32
30.65,-80.29,29.36
30.65,-80.27,29.43
30.65,-80.25,29.52
30.65,-80.23,29.6
30.65,-80.21,29.87
30.65,-80.19,30.13
30.65,-80.17,30.19
30.65,-80.15,30.2
30.65,-80.13,30.22
30.65,-80.11,30.31
30.65,-80.09,30.29
30.65,-80.07,30.32
30.65,-80.05,30.34
30.65,-80.03,30.39
30.65,-80.01,30.37
30.65,-79.99,30.27
30.65,-79.97,30.3
30.65,-79.95,30.36
30.65,-79.93,30.4
30.65,-79.91,30.39
30.65,-79.89,30.39
30.65,-79.87,30.46
30.65,-79.85,30.5
30.65,-79.83,30.51
30.65,-79.81,30.47
30.65,-79.79,30.5
30.65,-79.77,30.46
30.65,-79.75,30.39
30.65,-79.73,30.23
30.65,-79.71,30.01
30.65,-79.69,29.98
30.65,-79.67,30.2
30.65,-79.65,30.37
30.65,-79.63,30.35
30.65,-79.61,30.25
30.65,-79.59,30.24
30.65,-79.25,30.0
30.65,-79.23,30.05
30.65,-79.21,30.01
30.65,-79.19,30.0
30.65,-79.17,30.0
30.65,-79.15,30.04
30.65,-79.13,30.07
30.65,-79.11,30.08
30.65,-79.09,30.05
30.65,-79.07,30.04
30.65,-79.05,30.03
30.65,-79.03,29.97
30.65,-79.01,29.94
30.65,-78.99,29.95
30.65,-78.97,30.0
30.65,-78.95,29.99
30.65,-78.93,29.88
30.65,-78.91,29.81
30.65,-78.87,29.77
30.65,-78.85,29.75
30.65,-78.83,29.76
30.65,-78.81,29.78
30.65,-78.77,29.78
30.65,-78.75,29.76
30.65,-78.73,29.72
30.65,-78.71,29.77
30.65,-78.69,29.84
30.65,-78.67,29.91
30.65,-78.65,29.86
30.65,-78.63,29.79
30.65,-78.61,29.75
30.65,-78.59,29.79
30.65,-78.57,29.86
30.65,-78.55,29.9
30.65,-78.53,29.91
30.65,-78.51,29.91
30.65,-78.49,29.91
30.65,-78.47,29.87
30.65,-78.45,29.8
30.65,-78.43,29.79
30.65,-78.41,29.76
30.65,-78.39,29.79
30.65,-78.37,29.82
30.65,-78.35,29.87
30.65,-78.33,29.89
30.65,-78.31,29.9
30.65,-78.29,29.84
30.65,-78.27,29.8
30.65,-78.19,29.78
30.65,-77.95,29.66
30.65,-77.93,29.57
30.65,-77.91,29.64
30.65,-77.89,29.66
30.65,-77.87,29.7
30.65,-77.85,29.76
30.65,-77.83,29.7
30.65,-77.81,29.72
30.65,-77.79,29.74
30.65,-77.77,29.68
30.65,-77.75,29.69
30.65,-77.73,29.7
30.65,-77.71,29.78
30.65,-77.69,29.95
30.65,-77.67,29.93
30.65,-77.65,29.8
30.65,-77.63,29.79
30.65,-77.61,29.75
30.65,-77.59,29.69
30.65,-77.53,29.5
30.65,-77.51,29.44
30.65,-77.49,29.47
30.65,-77.47,29.43
30.65,-77.45,29.46
30.65,-77.39,29.82
30.65,-77.37,29.87
30.65,-77.35,29.81
30.65,-77.33,29.77
30.65,-77.31,29.74
30.65,-77.29,29.7
30.65,-77.27,29.7
30.65,-77.25,29.72
30.65,-77.23,29.73
30.65,-77.21,29.77
30.65,-77.19,29.71
30.65,-77.17,29.73
30.65,-77.11,29.73
30.65,-75.57,29.82
30.65,-75.31,29.84
30.63,-81.43,28.52
30.63,-81.41,28.42
30.63,-81.39,28.46
30.63,-81.37,28.36
30.63,-81.35,28.22
30.63,-81.33,28.25
30.63,-81.31,28.22
30.63,-81.29,28.39
30.63,-81.27,28.42
30.63,-81.25,28.52
30.63,-81.23,28.55
30.63,-81.21,28.53
30.63,-81.19,28.5
30.63,-81.17,28.52
30.63,-81.15,28.65
30.63,-81.13,28.64
30.63,-81.11,28.66
30.63,-81.09,28.7
30.63,-81.07,28.8
30.63,-81.05,28.94
30.63,-81.03,28.99
30.63,-81.01,29.04
30.63,-80.99,29.05
30.63,-80.97,29.09
30.63,-80.95,29.08
30.63,-80.93,29.08
30.63,-80.91,29.1
30.63,-80.89,29.12
30.63,-80.87,29.07
30.63,-80.85,29.07
30.63,-80.83,29.06
30.63,-80.81,29.01
30.63,-80.79,29.01
30.63,-80.77,29.06
30.63,-80.75,29.07
30.63,-80.73,29.08
30.63,-80.71,29.09
30.63,-80.69,29.09
30.63,-80.67,29.06
30.63,-80.65,29.06
30.63,-80.63,29.03
30.63,-80.61,28.98
30.63,-80.59,28.98
30.63,-80.57,28.96
30.63,-80.55,28.93
30.63,-80.53,28.92
30.63,-80.51,28.93
30.63,-80.49,28.92
30.63,-80.47,28.91
30.63,-80.45,28.88
30.63,-80.43,28.94
30.63,-80.41,28.98
30.63,-80.39,28.94
30.63,-80.37,28.99
30.63,-80.35,29.1
30.63,-80.33,29.28
30.63,-80.31,29.35
30.63,-80.29,29.41
30.63,-80.27,29.44
30.63,-80.25,29.49
30.63,-80.23,29.76
30.63,-80.21,30.02
30.63,-80.19,30.23
30.63,-80.17,30.24
30.63,-80.15,30.29
30.63,-80.13,30.35
30.63,-80.11,30.34
30.63,-80.09,30.35
30.63,-80.07,30.38
30.63,-80.05,30.4
30.63,-80.03,30.39
30.63,-80.01,30.32
30.63,-79.99,30.27
30.63,-79.97,30.35
30.63,-79.95,30.41
30.63,-79.93,30.46
30.63,-79.91,30.5
30.63,-79.89,30.53
30.63,-79.87,30.55
30.63,-79.85,30.54
30.63,-79.83,30.53
30.63,-79.81,30.51
30.63,-79.79,30.47
30.63,-79.77,30.48
30.63,-79.75,30.4
30.63,-79.73,30.34
30.63,-79.71,30.18
30.63,-79.69,30.33
30.63,-79.67,30.35
30.63,-79.65,30.35
30.63,-79.63,30.36
30.63,-79.61,30.39
30.63,-79.59,30.38
30.63,-79.57,30.34
30.63,-79.25,29.99
30.63,-79.23,30.02
30.63,-79.21,30.05
30.63,-79.19,30.03
30.63,-79.17,30.01
30.63,-79.15,29.99
30.63,-79.13,30.0
30.63,-79.11,30.03
30.63,-79.09,30.05
30.63,-79.07,30.07
30.63,-79.05,30.05
30.63,-79.03,29.93
30.63,-79.01,29.91
30.63,-78.99,29.92
30.63,-78.97,29.92
30.63,-78.95,29.87
30.63,-78.93,29.83
30.63,-78.91,29.78
30.63,-78.89,29.76
30.63,-78.87,29.75
30.63,-78.85,29.73
30.63,-78.83,29.74
30.63,-78.81,29.77
30.63,-78.79,29.76
30.63,-78.77,29.74
30.63,-78.75,29.72
30.63,-78.73,29.71
30.63,-78.71,29.75
30.63,-78.69,29.73
30.63,-78.67,29.81
30.63,-78.65,29.84
30.63,-78.63,29.82
30.63,-78.61,29.82
30.63,-78.59,29.78
30.63,-78.57,29.83
30.63,-78.55,29.82
30.63,-78.53,29.82
30.63,-78.51,29.82
30.63,-78.49,29.81
30.63,-78.47,29.77
30.63,-78.43,29.76
30.63,-78.41,29.77
30.63,-78.37,29.79
30.63,-78.35,29.81
30.63,-78.33,29.89
30.63,-78.31,29.86
30.63,-78.29,29.82
30.63,-78.27,29.78
30.63,-78.25,29.77
30.63,-77.97,29.63
30.63,-77.93,29.54
30.63,-77.91,29.59
30.63,-77.89,29.64
30.63,-77.87,29.73
30.63,-77.85,29.71
30.63,-77.83,29.61
30.63,-77.81,29.58
30.63,-77.79,29.62
30.63,-77.77,29.59
30.63,-77.75,29.7
30.63,-77.73,29.71
30.63,-77.71,29.78
30.63,-77.69,29.79
30.63,-77.63,29.83
30.63,-77.61,29.79
30.63,-77.59,29.74
30.63,-77.39,29.77
30.63,-77.37,29.8
30.63,-77.35,29.79
30.63,-77.33,29.84
30.63,-77.31,29.86
30.63,-77.29,29.81
30.63,-77.27,29.78
30.63,-77.25,29.78
30.63,-77.23,29.67
30.63,-77.21,29.78
30.63,-77.19,29.7
30.63,-77.17,29.66
30.63,-77.15,29.62
30.63,-75.63,29.96
30.63,-75.61,29.87
30.63,-75.59,29.84
30.63,-75.57,29.87
30.63,-75.55,29.83
30.63,-75.53,29.82
30.61,-81.43,28.41
30.61,-81.41,28.33
30.61,-81.39,28.43
30.61,-81.37,28.46
30.61,-81.35,28.33
30.61,-81.33,28.24
30.61,-81.31,28.27
30.61,-81.29,28.37
30.61,-81.27,28.35
30.61,-81.25,28.4
30.61,-81.23,28.47
30.61,-81.21,28.47
30.61,-81.19,28.48
30.61,-81.17,28.55
30.61,-81.15,28.71
30.61,-81.13,28.7
30.61,-81.11,28.7
30.61,-81.09,28.7
30.61,-81.07,28.78
30.61,-81.05,28.91
30.61,-81.03,28.98
30.61,-81.01,29.05
30.61,-80.99,29.08
30.61,-80.97,29.13
30.61,-80.95,29.09
30.61,-80.93,29.12
30.61,-80.91,29.15
30.61,-80.89,29.13
30.61,-80.87,29.11
30.61,-80.85,29.07
30.61,-80.83,29.05
30.61,-80.81,29.02
30.61,-80.79,29.02
30.61,-80.77,29.08
30.61,-80.75,29.12
30.61,-80.73,29.14
30.61,-80.71,29.11
30.61,-80.69,29.12
30.61,-80.67,29.09
30.61,-80.65,29.04
30.61,-80.63,29.01
30.61,-80.61,29.0
30.61,-80.59,28.94
30.61,-80.57,28.92
30.61,-80.55,28.95
30.61,-80.53,28.95
30.61,-80.51,28.96
30.61,-80.49,28.91
30.61,-80.47,28.91
30.61,-80.45,28.93
30.61,-80.43,28.93
30.61,-80.41,29.0
30.61,-80.39,28.98
30.61,-80.37,29.02
30.61,-80.35,29.14
30.61,-80.33,29.26
30.61,-80.31,29.35
30.61,-80.29,29.39
30.61,-80.27,29.44
30.61,-80.25,29.61
30.61,-80.23,29.9
30.61,-80.21,30.27
30.61,-80.19,30.3
30.61,-80.17,30.24
30.61,-80.15,30.34
30.61,-80.13,30.36
30.61,-80.11,30.4
30.61,-80.09,30.48
30.61,-80.07,30.49
30.61,-80.05,30.44
30.61,-80.03,30.36
30.61,-80.01,30.3
30.61,-79.99,30.35
30.61,-79.97,30.4
30.61,-79.95,30.45
30.61,-79.93,30.52
30.61,-79.91,30.55
30.61,-79.89,30.58
30.61,-79.87,30.56
30.61,-79.85,30.58
30.61,-79.83,30.59
30.61,-79.81,30.56
30.61,-79.79,30.51
30.61,-79.77,30.42
30.61,-79.75,30.37
30.61,-79.73,30.36
30.61,-79.71,30.36
30.61,-79.69,30.35
30.61,-79.67,30.37
30.61,-79.65,30.39
30.61,-79.63,30.42
30.61,-79.61,30.44
30.61,-79.59,30.45
30.61,-79.57,30.55
30.61,-79.55,30.36
30.61,-79.51,30.14
30.61,-79.49,30.14
30.61,-79.33,29.96
30.61,-79.31,30.0
30.61,-79.29,29.97
30.61,-79.27,29.93
30.61,-79.25,29.95
30.61,-79.23,29.97
30.61,-79.21,29.98
30.61,-79.19,29.99
30.61,-79.17,29.97
30.61,-79.15,29.96
30.61,-79.13,29.98
30.61,-79.11,30.05
30.61,-79.09,30.1
30.61,-79.07,30.09
30.61,-79.05,29.95
30.61,-79.03,29.88
30.61,-79.01,29.89
30.61,-78.99,29.91
30.61,-78.97,29.86
30.61,-78.95,29.81
30.61,-78.91,29.77
30.61,-78.89,29.78
30.61,-78.87,29.77
30.61,-78.83,29.74
30.61,-78.81,29.77
30.61,-78.79,29.79
30.61,-78.77,29.74
30.61,-78.75,29.72
30.61,-78.73,29.72
30.61,-78.71,29.74
30.61,-78.69,29.79
30.61,-78.67,29.76
30.61,-78.65,29.79
30.61,-78.63,29.79
30.61,-78.61,29.85
30.61,-78.59,29.81
30.61,-78.57,29.83
30.61,-78.55,29.79
30.61,-78.53,29.77
30.61,-78.51,29.79
30.61,-78.49,29.8
30.61,-78.43,29.76
30.61,-78.41,29.77
30.61,-78.39,29.79
30.61,-78.37,29.78
30.61,-78.35,29.81
30.61,-78.33,29.88
30.61,-78.31,29.9
30.61,-78.29,29.84
30.61,-78.27,29.8
30.61,-78.25,29.79
30.61,-78.23,29.77
30.61,-78.21,29.75
30.61,-78.13,29.75
30.61,-78.01,29.56
30.61,-77.99,29.6
30.61,-77.97,29.63
30.61,-77.89,29.43
30.61,-77.87,29.36
30.61,-77.85,29.43
30.61,-77.83,29.52
30.61,-77.81,29.56
30.61,-77.79,29.57
30.61,-77.77,29.6
30.61,-77.75,29.65
30.61,-77.73,29.61
30.61,-77.71,29.58
30.61,-77.69,29.67
30.61,-77.67,29.75
30.61,-77.59,29.73
30.61,-77.37,29.73
30.61,-77.35,29.73
30.61,-77.33,29.78
30.61,-77.31,29.88
30.61,-77.29,29.85
30.61,-77.27,29.85
30.61,-77.25,29.75
30.61,-77.23,29.69
30.61,-77.21,29.72
30.61,-77.19,29.64
30.61,-77.17,29.65
30.61,-77.15,29.64
30.61,-75.89,29.79
30.61,-75.83,29.78
30.61,-75.81,29.76
30.61,-75.79,29.73
30.61,-75.71,29.89
30.61,-75.69,29.98
30.61,-75.67,29.98
30.61,-75.65,30.04
30.61,-75.63,30.04
30.61,-75.61,29.99
30.61,-75.59,29.95
30.61,-75.57,29.92
30.61,-75.55,29.88
30.61,-75.53,29.89
30.61,-75.39,29.88
30.61,-75.37,29.95
30.59,-81.43,28.41
30.59,-81.41,28.42
30.59,-81.39,28.5
30.59,-81.37,28.44
30.59,-81.35,28.43
30.59,-81.33,28.33
30.59,-81.31,28.29
30.59,-81.29,28.33
30.59,-81.27,28.37
30.59,-81.25,28.38
30.59,-81.23,28.42
30.59,-81.21,28.46
30.59,-81.19,28.49
30.59,-81.17,28.59
30.59,-81.15,28.58
30.59,-81.13,28.61
30.59,-81.11,28.69
30.59,-81.09,28.73
30.59,-81.07,28.78
30.59,-81.05,28.86
30.59,-81.03,28.96
30.59,-81.01,29.08
30.59,-80.99,29.12
30.59,-80.97,29.11
30.59,-80.95,29.11
30.59,-80.93,29.14
30.59,-80.91,29.15
30.59,-80.89,29.17
30.59,-80.87,29.13
30.59,-80.85,29.09
30.59,-80.83,29.05
30.59,-80.81,29.03
30.59,-80.79,29.08
30.59,-80.77,29.14
30.59,-80.75,29.17
30.59,-80.73,29.13
30.59,-80.71,29.1
30.59,-80.69,29.07
30.59,-80.67,29.08
30.59,-80.65,29.05
30.59,-80.63,29.0
30.59,-80.61,28.99
30.59,-80.59,28.95
30.59,-80.57,28.98
30.59,-80.55,28.99
30.59,-80.53,28.95
30.59,-80.51,28.92
30.59,-80.49,28.93
30.59,-80.47,28.94
30.59,-80.45,28.94
30.59,-80.43,28.94
30.59,-80.41,29.0
30.59,-80.39,29.01
30.59,-80.37,29.17
30.59,-80.35,29.24
30.59,-80.33,29.28
30.59,-80.31,29.38
30.59,-80.29,29.4
30.59,-80.27,29.59
30.59,-80.25,29.72
30.59,-80.23,30.17
30.59,-80.21,30.35
30.59,-80.19,30.32
30.59,-80.17,30.27
30.59,-80.15,30.34
30.59,-80.13,30.37
30.59,-80.11,30.48
30.59,-80.09,30.51
30.59,-80.07,30.49
30.59,-80.05,30.44
30.59,-80.03,30.37
30.59,-80.01,30.35
30.59,-79.99,30.43
30.59,-79.97,30.45
30.59,-79.95,30.5
30.59,-79.93,30.55
30.59,-79.91,30.55
30.59,-79.89,30.57
30.59,-79.87,30.57
30.59,-79.85,30.6
30.59,-79.83,30.58
30.59,-79.81,30.53
30.59,-79.79,30.47
30.59,-79.77,30.41
30.59,-79.75,30.37
30.59,-79.73,30.35
30.59,-79.71,30.33
30.59,-79.69,30.33
30.59,-79.67,30.41
30.59,-79.65,30.43
30.59,-79.63,30.46
30.59,-79.61,30.47
30.59,-79.59,30.44
30.59,-79.57,30.35
30.59,-79.55,30.27
30.59,-79.53,30.15
30.59,-79.51,30.12
30.59,-79.49,30.06
30.59,-79.47,30.04
30.59,-79.45,29.99
30.59,-79.43,30.05
30.59,-79.41,29.97
30.59,-79.35,29.91
30.59,-79.33,29.94
30.59,-79.31,29.93
30.59,-79.29,29.92
30.59,-79.27,29.92
30.59,-79.25,29.92
30.59,-79.15,29.91
30.59,-79.13,29.96
30.59,-79.11,30.0
30.59,-79.09,29.99
30.59,-79.07,29.98
30.59,-79.05,29.95
30.59,-79.03,29.92
30.59,-79.01,30.0
30.59,-78.99,29.94
30.59,-78.83,29.76
30.59,-78.81,29.76
30.59,-78.79,29.76
30.59,-78.77,29.77
30.59,-78.75,29.8
30.59,-78.73,29.79
30.59,-78.71,29.71
30.59,-78.69,29.69
30.59,-78.67,29.72
30.59,-78.65,29.78
30.59,-78.63,29.75
30.59,-78.61,29.77
30.59,-78.59,29.79
30.59,-78.57,29.77
30.59,-78.55,29.76
30.59,-78.53,29.78
30.59,-78.51,29.8
30.59,-78.49,29.77
30.59,-78.43,29.75
30.59,-78.41,29.77
30.59,-78.39,29.79
30.59,-78.37,29.81
30.59,-78.35,29.84
30.59,-78.33,29.81
30.59,-78.31,29.89
30.59,-78.21,29.77
30.59,-77.91,29.4
30.59,-77.89,29.46
30.59,-77.87,29.39
30.59,-77.85,29.31
30.59,-77.83,29.41
30.59,-77.81,29.48
30.59,-77.79,29.56
30.59,-77.77,29.54
30.59,-77.75,29.47
30.59,-77.73,29.48
30.59,-77.71,29.55
30.59,-77.69,29.61
30.59,-77.35,29.69
30.59,-77.33,29.71
30.59,-77.31,29.74
30.59,-77.29,29.76
30.59,-77.27,29.7
30.59,-77.25,29.67
30.59,-77.19,29.67
30.59,-75.91,29.72
30.59,-75.89,29.76
30.59,-75.87,29.78
30.59,-75.83,29.78
30.59,-75.81,29.78
30.59,-75.79,29.75
30.59,-75.73,29.83
30.59,-75.71,29.88
30.59,-75.69,29.98
30.59,-75.67,30.0
30.59,-75.65,30.03
30.59,-75.63,30.01
30.59,-75.61,29.98
30.59,-75.59,29.93
30.59,-75.57,29.91
30.59,-75.55,29.89
30.57,-81.43,28.63
30.57,-81.41,28.32
30.57,-81.39,28.31
30.57,-81.37,28.34
30.57,-81.35,28.35
30.57,-81.33,28.32
30.57,-81.31,28.32
30.57,-81.29,28.32
30.57,-81.27,28.35
30.57,-81.25,28.39
30.57,-81.23,28.42
30.57,-81.21,28.46
30.57,-81.19,28.49
30.57,-81.17,28.51
30.57,-81.15,28.4
30.57,-81.13,28.43
30.57,-81.11,28.58
30.57,-81.09,28.69
30.57,-81.07,28.79
30.57,-81.05,28.92
30.57,-81.03,28.97
30.57,-81.01,29.08
30.57,-80.99,29.18
30.57,-80.97,29.15
30.57,-80.95,29.15
30.57,-80.93,29.16
30.57,-80.91,29.17
30.57,-80.89,29.19
30.57,-80.87,29.18
30.57,-80.85,29.08
30.57,-80.83,29.04
30.57,-80.81,29.05
30.57,-80.79,29.11
30.57,-80.77,29.15
30.57,-80.75,29.14
30.57,-80.73,29.09
30.57,-80.71,29.07
30.57,-80.69,29.06
30.57,-80.67,29.05
30.57,-80.65,29.01
30.57,-80.63,29.0
30.57,-80.61,28.98
30.57,-80.59,28.98
30.57,-80.57,28.94
30.57,-80.55,28.96
30.57,-80.53,28.97
30.57,-80.51,28.95
30.57,-80.49,28.95
30.57,-80.47,28.99
30.57,-80.45,28.99
30.57,-80.43,28.95
30.57,-80.41,29.04
30.57,-80.39,29.08
30.57,-80.37,29.3
30.57,-80.35,29.29
30.57,-80.33,29.37
30.57,-80.31,29.41
30.57,-80.29,29.52
30.57,-80.27,29.65
30.57,-80.25,29.92
30.57,-80.23,30.27
30.57,-80.21,30.36
30.57,-80.19,30.38
30.57,-80.17,30.38
30.57,-80.15,30.34
30.57,-80.13,30.39
30.57,-80.11,30.46
30.57,-80.09,30.48
30.57,-80.07,30.46
30.57,-80.05,30.4
30.57,-80.03,30.37
30.57,-80.01,30.45
30.57,-79.99,30.47
30.57,-79.97,30.52
30.57,-79.95,30.53
30.57,-79.93,30.54
30.57,-79.91,30.54
30.57,-79.89,30.53
30.57,-79.87,30.58
30.57,-79.85,30.56
30.57,-79.83,30.52
30.57,-79.81,30.47
30.57,-79.79,30.39
30.57,-79.77,30.4
30.57,-79.75,30.39
30.57,-79.73,30.35
30.57,-79.71,30.35
30.57,-79.69,30.36
30.57,-79.67,30.42
30.57,-79.65,30.44
30.57,-79.63,30.48
30.57,-79.61,30.44
30.57,-79.59,30.36
30.57,-79.57,30.32
30.57,-79.55,30.32
30.57,-79.53,30.26
30.57,-79.51,30.11
30.57,-79.49,30.06
30.57,-79.47,30.04
30.57,-79.45,30.06
30.57,-79.43,30.01
30.57,-79.41,29.91
30.57,-79.39,29.92
30.57,-79.37,29.94
30.57,-79.35,29.92
30.57,-79.33,29.93
30.57,-79.31,29.94
30.57,-79.29,29.9
30.57,-79.27,29.85
30.57,-79.25,29.84
30.57,-79.23,29.82
30.57,-79.21,29.83
30.57,-79.19,29.83
30.57,-79.17,29.84
30.57,-79.15,29.87
30.57,-79.13,29.88
30.57,-79.11,29.92
30.57,-79.09,29.95
30.57,-79.07,29.97
30.57,-79.05,29.93
30.57,-79.03,29.89
30.57,-78.87,29.82
30.57,-78.85,29.77
30.57,-78.83,29.77
30.57,-78.81,29.77
30.57,-78.79,29.78
30.57,-78.77,29.78
30.57,-78.75,29.76
30.57,-78.73,29.72
30.57,-78.71,29.7
30.57,-78.69,29.73
30.57,-78.67,29.76
30.57,-78.65,29.74
30.57,-78.63,29.72
30.57,-78.61,29.72
30.57,-78.59,29.74
30.57,-78.57,29.74
30.57,-78.55,29.79
30.57,-78.53,29.78
30.57,-78.45,29.81
30.57,-78.43,29.79
30.57,-78.35,29.86
30.57,-78.33,29.83
30.57,-77.93,29.42
30.57,-77.91,29.38
30.57,-77.89,29.41
30.57,-77.87,29.31
30.57,-77.85,29.28
30.57,-77.83,29.31
30.57,-77.77,29.39
30.57,-77.75,29.45
30.57,-77.73,29.4
30.57,-77.71,29.44
30.57,-77.33,29.68
30.57,-77.31,29.64
30.57,-77.29,29.68
30.57,-77.27,29.68
30.57,-77.23,29.66
30.57,-75.85,29.8
30.57,-75.83,29.77
30.57,-75.81,29.79
30.57,-75.79,29.79
30.57,-75.77,29.8
30.57,-75.75,29.84
30.57,-75.73,29.9
30.57,-75.71,30.04
30.57,-75.69,30.04
30.57,-75.67,30.03
30.57,-75.65,30.04
30.57,-75.63,30.02
30.57,-75.61,30.0
30.57,-75.59,29.92
30.57,-75.57,29.92
30.55,-81.43,28.88
30.55,-81.41,28.59
30.55,-81.39,28.24
30.55,-81.37,28.23
30.55,-81.35,28.3
30.55,-81.33,28.29
30.55,-81.31,28.29
30.55,-81.29,28.33
30.55,-81.27,28.35
30.55,-81.25,28.37
30.55,-81.23,28.39
30.55,-81.21,28.45
30.55,-81.19,28.43
30.55,-81.17,28.46
30.55,-81.15,28.33
30.55,-81.13,28.36
30.55,-81.11,28.47
30.55,-81.09,28.64
30.55,-81.07,28.79
30.55,-81.05,28.99
30.55,-81.03,29.01
30.55,-81.01,29.12
30.55,-80.99,29.18
30.55,-80.97,29.17
30.55,-80.95,29.17
30.55,-80.93,29.19
30.55,-80.91,29.23
30.55,-80.89,29.24
30.55,-80.87,29.2
30.55,-80.85,29.11
30.55,-80.83,29.07
30.55,-80.81,29.08
30.55,-80.79,29.09
30.55,-80.77,29.07
30.55,-80.75,29.07
30.55,-80.73,29.07
30.55,-80.71,29.03
30.55,-80.69,29.05
30.55,-80.67,29.03
30.55,-80.65,28.96
30.55,-80.63,29.01
30.55,-80.61,28.94
30.55,-80.59,28.88
30.55,-80.57,28.88
30.55,-80.55,28.96
30.55,-80.53,28.98
30.55,-80.51,28.96
30.55,-80.49,28.97
30.55,-80.47,28.96
30.55,-80.45,28.93
30.55,-80.43,28.98
30.55,-80.41,29.11
30.55,-80.39,29.22
30.55,-80.37,29.31
30.55,-80.35,29.33
30.55,-80.33,29.36
30.55,-80.31,29.44
30.55,-80.29,29.54
30.55,-80.27,29.87
30.55,-80.25,30.0
30.55,-80.23,30.3
30.55,-80.21,30.42
30.55,-80.19,30.41
30.55,-80.17,30.39
30.55,-80.15,30.42
30.55,-80.13,30.42
30.55,-80.11,30.4
30.55,-80.09,30.43
30.55,-80.07,30.35
30.55,-80.05,30.37
30.55,-80.03,30.43
30.55,-80.01,30.48
30.55,-79.99,30.49
30.55,-79.97,30.52
30.55,-79.95,30.57
30.55,-79.93,30.54
30.55,-79.91,30.54
30.55,-79.89,30.53
30.55,-79.87,30.54
30.55,-79.85,30.48
30.55,-79.83,30.45
30.55,-79.81,30.39
30.55,-79.79,30.41
30.55,-79.77,30.42
30.55,-79.75,30.41
30.55,-79.73,30.38
30.55,-79.71,30.38
30.55,-79.69,30.39
30.55,-79.67,30.41
30.55,-79.65,30.43
30.55,-79.63,30.42
30.55,-79.61,30.44
30.55,-79.59,30.38
30.55,-79.57,30.35
30.55,-79.55,30.32
30.55,-79.53,30.27
30.55,-79.51,30.17
30.55,-79.49,30.19
30.55,-79.47,30.14
30.55,-79.45,29.99
30.55,-79.43,29.95
30.55,-79.41,29.94
30.55,-79.39,29.99
30.55,-79.37,29.96
30.55,-79.35,29.95
30.55,-79.33,29.97
30.55,-79.31,29.97
30.55,-79.29,29.93
30.55,-79.27,29.87
30.55,-79.25,29.84
30.55,-79.23,29.8
30.55,-79.21,29.79
30.55,-79.19,29.79
30.55,-79.17,29.82
30.55,-79.15,29.84
30.55,-79.13,29.92
30.55,-79.11,29.94
30.55,-79.09,29.97
30.55,-79.07,29.93
30.55,-79.05,29.9
30.55,-79.03,29.84
30.55,-78.89,29.84
30.55,-78.87,29.86
30.55,-78.85,29.79
30.55,-78.83,29.77
30.55,-78.81,29.77
30.55,-78.79,29.78
30.55,-78.77,29.74
30.55,-78.75,29.72
30.55,-78.73,29.71
30.55,-78.71,29.69
30.55,-78.69,29.71
30.55,-78.67,29.72
30.55,-78.65,29.72
30.55,-78.63,29.7
30.55,-78.61,29.7
30.55,-78.59,29.71
30.55,-78.57,29.75
30.55,-78.55,29.8
30.55,-78.53,29.8
30.55,-78.51,29.78
30.55,-78.47,29.74
30.55,-78.45,29.77
30.55,-78.43,29.78
30.55,-77.87,29.3
30.55,-77.85,29.28
30.55,-77.83,29.32
30.55,-77.77,29.37
30.55,-77.75,29.38
30.55,-77.55,29.71
30.55,-77.53,29.74
30.55,-77.37,29.99
30.55,-77.35,29.77
30.55,-77.33,29.77
30.55,-77.31,29.78
30.55,-75.99,29.69
30.55,-75.89,29.79
30.55,-75.85,29.84
30.55,-75.83,29.81
30.55,-75.81,29.79
30.55,-75.79,29.79
30.55,-75.77,29.85
30.55,-75.75,29.92
30.55,-75.73,29.99
30.55,-75.71,30.04
30.55,-75.69,30.05
30.55,-75.67,30.06
30.55,-75.65,30.1
30.55,-75.63,30.13
30.55,-75.61,30.09
30.55,-75.59,30.07
30.53,-81.43,28.98
30.53,-81.39,28.53
30.53,-81.37,28.29
30.53,-81.35,28.18
30.53,-81.33,28.26
30.53,-81.31,28.3
30.53,-81.29,28.36
30.53,-81.27,28.33
30.53,-81.25,28.36
30.53,-81.23,28.36
30.53,-81.21,28.33
30.53,-81.19,28.32
30.53,-81.17,28.35
30.53,-81.15,28.34
30.53,-81.13,28.45
30.53,-81.11,28.55
30.53,-81.09,28.62
30.53,-81.07,28.74
30.53,-81.05,28.96
30.53,-81.03,28.99
30.53,-81.01,29.15
30.53,-80.99,29.12
30.53,-80.97,29.13
30.53,-80.95,29.19
30.53,-80.93,29.26
30.53,-80.91,29.27
30.53,-80.89,29.24
30.53,-80.87,29.22
30.53,-80.85,29.18
30.53,-80.83,29.16
30.53,-80.81,29.08
30.53,-80.79,29.01
30.53,-80.77,29.04
30.53,-80.75,29.02
30.53,-80.73,29.05
30.53,-80.71,28.98
30.53,-80.69,28.99
30.53,-80.67,28.89
30.53,-80.65,28.96
30.53,-80.63,28.94
30.53,-80.61,28.9
30.53,-80.59,28.9
30.53,-80.57,28.91
30.53,-80.55,28.94
30.53,-80.53,28.93
30.53,-80.51,28.96
30.53,-80.49,28.94
30.53,-80.47,28.97
30.53,-80.45,29.0
30.53,-80.43,29.08
30.53,-80.41,29.17
30.53,-80.39,29.22
30.53,-80.37,29.31
30.53,-80.35,29.35
30.53,-80.33,29.37
30.53,-80.31,29.47
30.53,-80.29,29.72
30.53,-80.27,29.93
30.53,-80.25,30.23
30.53,-80.23,30.42
30.53,-80.21,30.46
30.53,-80.19,30.47
30.53,-80.17,30.47
30.53,-80.15,30.47
30.53,-80.13,30.31
30.53,-80.11,30.35
30.53,-80.09,30.38
30.53,-80.07,30.37
30.53,-80.05,30.4
30.53,-80.03,30.42
30.53,-80.01,30.45
30.53,-79.99,30.49
30.53,-79.97,30.52
30.53,-79.95,30.55
30.53,-79.93,30.56
30.53,-79.91,30.51
30.53,-79.89,30.51
30.53,-79.87,30.48
30.53,-79.85,30.43
30.53,-79.83,30.4
30.53,-79.81,30.39
30.53,-79.79,30.43
30.53,-79.77,30.46
30.53,-79.75,30.46
30.53,-79.73,30.42
30.53,-79.71,30.38
30.53,-79.69,30.33
30.53,-79.67,30.41
30.53,-79.65,30.44
30.53,-79.63,30.44
30.53,-79.61,30.41
30.53,-79.59,30.4
30.53,-79.57,30.36
30.53,-79.55,30.36
30.53,-79.53,30.29
30.53,-79.51,30.28
30.53,-79.49,30.2
30.53,-79.47,30.16
30.53,-79.45,30.06
30.53,-79.43,30.09
30.53,-79.41,30.04
30.53,-79.39,29.96
30.53,-79.37,29.94
30.53,-79.35,29.95
30.53,-79.33,30.0
30.53,-79.31,29.97
30.53,-79.29,29.9
30.53,-79.27,29.85
30.53,-79.25,29.85
30.53,-79.23,29.83
30.53,-79.21,29.79
30.53,-79.17,29.83
30.53,-79.15,29.87
30.53,-79.13,29.91
30.53,-79.11,29.93
30.53,-79.09,29.95
30.53,-79.07,29.97
30.53,-79.05,29.93
30.53,-78.89,29.8
30.53,-78.87,29.81
30.53,-78.85,29.78
30.53,-78.83,29.76
30.53,-78.81,29.72
30.53,-78.79,29.71
30.53,-78.61,29.7
30.53,-78.59,29.71
30.53,-78.57,29.77
30.53,-78.55,29.79
30.53,-78.53,29.8
30.53,-78.51,29.79
30.53,-78.47,29.76
30.53,-77.89,29.31
30.53,-77.87,29.31
30.53,-77.85,29.3
30.53,-77.81,29.6
30.53,-77.79,29.67
30.53,-77.77,29.7
30.53,-77.75,29.72
30.53,-77.53,29.73
30.53,-77.51,29.82
30.53,-77.49,29.88
30.53,-77.39,30.05
30.53,-75.89,29.84
30.53,-75.85,29.8
30.53,-75.83,29.82
30.53,-75.81,29.8
30.53,-75.79,29.84
30.53,-75.77,29.93
30.53,-75.75,29.99
30.53,-75.73,30.02
30.53,-75.71,30.04
30.53,-75.69,29.99
30.53,-75.67,29.96
30.53,-75.65,30.05
30.53,-75.63,30.22
30.53,-75.61,30.19
30.51,-81.43,28.45
30.51,-81.41,28.44
30.51,-81.39,28.39
30.51,-81.37,28.37
30.51,-81.35,28.25
30.51,-81.33,28.38
30.51,-81.31,28.33
30.51,-81.29,28.36
30.51,-81.27,28.37
30.51,-81.25,28.24
30.51,-81.23,28.2
30.51,-81.21,28.18
30.51,-81.19,28.22
30.51,-81.17,28.35
30.51,-81.15,28.38
30.51,-81.13,28.49
30.51,-81.11,28.6
30.51,-81.09,28.68
30.51,-81.07,28.79
30.51,-81.05,28.88
30.51,-81.03,29.01
30.51,-81.01,29.07
30.51,-80.99,29.11
30.51,-80.97,29.16
30.51,-80.95,29.2
30.51,-80.93,29.24
30.51,-80.91,29.24
30.51,-80.89,29.24
30.51,-80.87,29.24
30.51,-80.85,29.21
30.51,-80.83,29.13
30.51,-80.81,29.08
30.51,-80.79,28.99
30.51,-80.77,29.02
30.51,-80.75,29.03
30.51,-80.73,28.97
30.51,-80.71,28.95
30.51,-80.69,28.9
30.51,-80.67,28.89
30.51,-80.65,28.89
30.51,-80.63,28.88
30.51,-80.61,28.92
30.51,-80.59,28.9
30.51,-80.57,28.92
30.51,-80.55,28.93
30.51,-80.53,28.94
30.51,-80.51,28.94
30.51,-80.49,28.91
30.51,-80.47,28.95
30.51,-80.45,29.02
30.51,-80.43,29.12
30.51,-80.41,29.21
30.51,-80.39,29.29
30.51,-80.37,29.3
30.51,-80.35,29.35
30.51,-80.33,29.48
30.51,-80.31,29.56
30.51,-80.29,29.81
30.51,-80.27,30.19
30.51,-80.25,30.39
30.51,-80.23,30.53
30.51,-80.21,30.53
30.51,-80.19,30.51
30.51,-80.17,30.5
30.51,-80.15,30.41
30.51,-80.13,30.27
30.51,-80.11,30.32
30.51,-80.09,30.41
30.51,-80.07,30.44
30.51,-80.05,30.45
30.51,-80.03,30.42
30.51,-80.01,30.45
30.51,-79.99,30.48
30.51,-79.97,30.51
30.51,-79.95,30.52
30.51,-79.93,30.53
30.51,-79.91,30.48
30.51,-79.89,30.49
30.51,-79.87,30.44
30.51,-79.85,30.43
30.51,-79.83,30.42
30.51,-79.81,30.45
30.51,-79.79,30.47
30.51,-79.77,30.46
30.51,-79.75,30.48
30.51,-79.73,30.35
30.51,-79.71,30.38
30.51,-79.69,30.45
30.51,-79.67,30.5
30.51,-79.65,30.43
30.51,-79.63,30.37
30.51,-79.61,30.37
30.51,-79.59,30.38
30.51,-79.57,30.41
30.51,-79.55,30.37
30.51,-79.53,30.29
30.51,-79.51,30.26
30.51,-79.49,30.17
30.51,-79.47,30.2
30.51,-79.45,30.22
30.51,-79.43,30.09
30.51,-79.41,30.02
30.51,-79.39,30.0
30.51,-79.37,29.96
30.51,-79.35,29.95
30.51,-79.33,29.94
30.51,-79.31,29.9
30.51,-79.29,29.88
30.51,-79.27,29.87
30.51,-79.25,29.85
30.51,-79.13,29.88
30.51,-79.11,29.94
30.51,-79.09,29.91
30.51,-79.07,29.85
30.51,-79.05,29.84
30.51,-78.89,29.77
30.51,-78.87,29.76
30.51,-78.85,29.78
30.51,-78.83,29.76
30.51,-78.81,29.71
30.51,-78.79,29.71
30.51,-78.57,29.74
30.51,-78.55,29.78
30.51,-78.53,29.77
30.51,-78.51,29.76
30.51,-77.95,29.61
30.51,-77.93,29.56
30.51,-77.89,29.3
30.51,-77.87,29.3
30.51,-77.85,29.39
30.51,-77.83,29.38
30.51,-77.81,29.47
30.51,-77.79,29.71
30.51,-77.77,29.71
30.51,-77.75,29.73
30.51,-77.71,29.8
30.51,-77.69,29.83
30.51,-77.61,29.73
30.51,-77.59,29.76
30.51,-77.57,29.79
30.51,-77.55,29.88
30.51,-77.53,29.82
30.51,-77.51,29.84
30.51,-75.89,29.8
30.51,-75.87,29.8
30.51,-75.85,29.82
30.51,-75.81,29.8
30.51,-75.79,29.89
30.51,-75.77,29.98
30.51,-75.75,30.04
30.51,-75.73,30.07
30.51,-75.71,30.09
30.51,-75.69,30.08
30.51,-75.67,30.13
30.51,-75.65,30.22
30.51,-75.63,30.21
30.49,-81.41,28.35
30.49,-81.39,28.3
30.49,-81.37,28.28
30.49,-81.35,28.29
30.49,-81.33,28.45
30.49,-81.31,28.51
30.49,-81.29,28.5
30.49,-81.27,28.42
30.49,-81.25,28.31
30.49,-81.23,28.18
30.49,-81.21,28.09
30.49,-81.19,28.1
30.49,-81.17,28.25
30.49,-81.15,28.4
30.49,-81.13,28.44
30.49,-81.11,28.54
30.49,-81.09,28.84
30.49,-81.07,28.94
30.49,-81.05,28.96
30.49,-81.03,29.01
30.49,-81.01,29.0
30.49,-80.99,29.16
30.49,-80.97,29.19
30.49,-80.95,29.18
30.49,-80.93,29.23
30.49,-80.91,29.17
30.49,-80.89,29.22
30.49,-80.87,29.19
30.49,-80.85,29.14
30.49,-80.83,29.09
30.49,-80.81,29.04
30.49,-80.79,29.06
30.49,-80.77,29.04
30.49,-80.75,29.0
30.49,-80.73,28.96
30.49,-80.71,28.9
30.49,-80.69,28.86
30.49,-80.67,28.84
30.49,-80.65,28.86
30.49,-80.63,28.92
30.49,-80.61,28.94
30.49,-80.59,28.89
30.49,-80.57,28.94
30.49,-80.55,28.96
30.49,-80.53,28.94
30.49,-80.51,28.93
30.49,-80.49,28.93
30.49,-80.47,28.93
30.49,-80.45,29.1
30.49,-80.43,29.15
30.49,-80.41,29.22
30.49,-80.39,29.34
30.49,-80.37,29.34
30.49,-80.35,29.44
30.49,-80.33,29.57
30.49,-80.31,29.83
30.49,-80.29,30.03
30.49,-80.27,30.3
30.49,-80.25,30.55
30.49,-80.23,30.6
30.49,-80.21,30.58
30.49,-80.19,30.54
30.49,-80.17,30.48
30.49,-80.15,30.38
30.49,-80.13,30.33
30.49,-80.11,30.37
30.49,-80.09,30.43
30.49,-80.07,30.48
30.49,-80.05,30.46
30.49,-80.03,30.45
30.49,-80.01,30.48
30.49,-79.99,30.5
30.49,-79.97,30.49
30.49,-79.95,30.47
30.49,-79.93,30.47
30.49,-79.91,30.45
30.49,-79.89,30.46
30.49,-79.87,30.47
30.49,-79.85,30.46
30.49,-79.83,30.48
30.49,-79.81,30.5
30.49,-79.79,30.48
30.49,-79.77,30.48
30.49,-79.75,30.46
30.49,-79.73,30.35
30.49,-79.71,30.44
30.49,-79.69,30.45
30.49,-79.67,30.4
30.49,-79.65,30.41
30.49,-79.63,30.28
30.49,-79.61,30.46
30.49,-79.59,30.46
30.49,-79.57,30.42
30.49,-79.55,30.34
30.49,-79.53,30.29
30.49,-79.51,30.22
30.49,-79.49,30.19
30.49,-79.47,30.15
30.49,-79.45,30.18
30.49,-79.43,30.12
30.49,-79.41,30.02
30.49,-79.39,29.98
30.49,-79.37,29.94
30.49,-79.35,29.89
30.49,-79.33,29.81
30.49,-79.31,29.8
30.49,-79.29,29.83
30.49,-79.27,29.83
30.49,-79.25,29.77
30.49,-79.23,29.66
30.49,-79.13,29.85
30.49,-79.11,29.86
30.49,-79.09,29.84
30.49,-79.05,29.8
30.49,-79.03,29.79
30.49,-79.01,29.78
30.49,-78.97,29.77
30.49,-78.91,29.74
30.49,-78.89,29.74
30.49,-78.87,29.75
30.49,-78.85,29.77
30.49,-78.83,29.76
30.49,-78.81,29.75
30.49,-78.55,29.77
30.49,-78.53,29.76
30.49,-77.91,29.54
30.49,-77.89,29.52
30.49,-77.87,29.35
30.49,-77.85,29.42
30.49,-77.83,29.35
30.49,-77.81,29.35
30.49,-77.79,29.64
30.49,-77.77,29.61
30.49,-77.71,29.78
30.49,-77.69,29.83
30.49,-77.61,29.72
30.49,-77.59,29.78
30.49,-77.57,29.81
30.49,-77.55,29.82
30.49,-77.53,29.82
30.49,-75.93,29.78
30.49,-75.91,29.8
30.49,-75.89,29.79
30.49,-75.87,29.78
30.49,-75.83,29.79
30.49,-75.81,29.93
30.49,-75.79,30.08
30.49,-75.77,30.12
30.49,-75.75,30.1
30.49,-75.73,30.09
30.49,-75.71,30.11
30.49,-75.69,30.12
30.49,-75.67,30.2
30.49,-75.65,30.24
30.49,-75.63,30.19
30.47,-81.41,28.31
30.47,-81.39,28.32
30.47,-81.37,28.34
30.47,-81.35,28.39
30.47,-81.33,28.46
30.47,-81.31,28.64
30.47,-81.29,28.67
30.47,-81.27,28.47
30.47,-81.25,28.37
30.47,-81.23,28.08
30.47,-81.21,27.98
30.47,-81.19,28.01
30.47,-81.17,28.15
30.47,-81.15,28.29
30.47,-81.13,28.35
30.47,-81.11,28.69
30.47,-81.09,28.95
30.47,-81.07,29.0
30.47,-81.05,28.97
30.47,-81.03,28.98
30.47,-81.01,29.04
30.47,-80.99,29.16
30.47,-80.97,29.16
30.47,-80.95,29.17
30.47,-80.93,29.15
30.47,-80.91,29.12
30.47,-80.89,29.12
30.47,-80.87,29.11
30.47,-80.85,29.13
30.47,-80.83,29.07
30.47,-80.81,29.03
30.47,-80.79,29.03
30.47,-80.77,29.05
30.47,-80.75,28.98
30.47,-80.73,28.95
30.47,-80.71,28.9
30.47,-80.69,28.85
30.47,-80.67,28.83
30.47,-80.65,28.9
30.47,-80.63,28.91
30.47,-80.61,28.93
30.47,-80.59,28.92
30.47,-80.57,28.95
30.47,-80.55,29.0
30.47,-80.53,28.94
30.47,-80.51,28.93
30.47,-80.49,28.94
30.47,-80.47,28.99
30.47,-80.45,29.15
30.47,-80.43,29.18
30.47,-80.41,29.3
30.47,-80.39,29.38
30.47,-80.37,29.34
30.47,-80.35,29.61
30.47,-80.33,29.87
30.47,-80.31,30.01
30.47,-80.29,30.24
30.47,-80.27,30.47
30.47,-80.25,30.55
30.47,-80.23,30.59
30.47,-80.21,30.58
30.47,-80.19,30.5
30.47,-80.17,30.46
30.47,-80.15,30.37
30.47,-80.13,30.38
30.47,-80.11,30.46
30.47,-80.09,30.51
30.47,-80.07,30.43
30.47,-80.05,30.49
30.47,-80.03,30.54
30.47,-80.01,30.54
30.47,-79.99,30.5
30.47,-79.97,30.44
30.47,-79.95,30.43
30.47,-79.93,30.48
30.47,-79.91,30.49
30.47,-79.89,30.52
30.47,-79.87,30.5
30.47,-79.85,30.53
30.47,-79.83,30.53
30.47,-79.81,30.51
30.47,-79.79,30.46
30.47,-79.77,30.41
30.47,-79.75,30.41
30.47,-79.73,30.44
30.47,-79.71,30.46
30.47,-79.69,30.47
30.47,-79.67,30.42
30.47,-79.65,30.35
30.47,-79.63,30.4
30.47,-79.61,30.47
30.47,-79.59,30.39
30.47,-79.57,30.35
30.47,-79.55,30.3
30.47,-79.53,30.25
30.47,-79.51,30.19
30.47,-79.49,30.14
30.47,-79.47,30.11
30.47,-79.45,30.12
30.47,-79.43,30.07
30.47,-79.41,29.97
30.47,-79.39,29.92
30.47,-79.37,29.92
30.47,-79.35,29.83
30.47,-79.33,29.78
30.47,-79.31,29.72
30.47,-79.29,29.76
30.47,-79.27,29.71
30.47,-79.25,29.7
30.47,-79.23,29.59
30.47,-79.21,29.56
30.47,-79.05,29.83
30.47,-79.03,29.83
30.47,-79.01,29.82
30.47,-78.91,29.76
30.47,-78.89,29.78
30.47,-78.87,29.79
30.47,-78.85,29.8
30.47,-78.83,29.81
30.47,-78.81,29.79
30.47,-78.79,29.79
30.47,-77.93,29.55
30.47,-77.91,29.55
30.47,-77.89,29.52
30.47,-77.87,29.46
30.47,-77.85,29.43
30.47,-77.83,29.46
30.47,-77.71,29.76
30.47,-77.67,29.71
30.47,-77.65,29.7
30.47,-77.63,29.71
30.47,-77.61,29.72
30.47,-77.59,29.76
30.47,-77.57,29.81
30.47,-77.55,29.85
30.47,-75.91,29.83
30.47,-75.89,29.82
30.47,-75.83,29.88
30.47,-75.81,29.98
30.47,-75.79,30.21
30.47,-75.77,30.19
30.47,-75.75,30.13
30.47,-75.73,30.08
30.47,-75.71,30.29
30.47,-75.69,30.2
30.47,-75.67,30.25
30.47,-75.65,30.29
30.47,-75.63,30.2
30.45,-81.35,28.33
30.45,-81.33,28.47
30.45,-81.31,28.53
30.45,-81.29,28.59
30.45,-81.27,28.47
30.45,-81.25,28.39
30.45,-81.23,27.96
30.45,-81.21,27.96
30.45,-81.19,27.98
30.45,-81.17,28.08
30.45,-81.15,28.21
30.45,-81.13,28.46
30.45,-81.11,28.81
30.45,-81.09,28.95
30.45,-81.07,28.99
30.45,-81.05,28.98
30.45,-81.03,29.02
30.45,-81.01,29.08
30.45,-80.99,29.15
30.45,-80.97,29.12
30.45,-80.95,29.11
30.45,-80.93,29.07
30.45,-80.91,29.05
30.45,-80.89,29.06
30.45,-80.87,29.06
30.45,-80.85,29.1
30.45,-80.83,29.01
30.45,-80.81,29.01
30.45,-80.79,29.06
30.45,-80.77,29.06
30.45,-80.75,29.0
30.45,-80.73,28.92
30.45,-80.71,28.88
30.45,-80.69,28.89
30.45,-80.67,28.91
30.45,-80.65,28.93
30.45,-80.63,28.93
30.45,-80.61,28.93
30.45,-80.59,28.97
30.45,-80.57,29.02
30.45,-80.55,29.0
30.45,-80.53,29.0
30.45,-80.51,28.92
30.45,-80.49,28.93
30.45,-80.47,29.06
30.45,-80.45,29.16
30.45,-80.43,29.28
30.45,-80.41,29.32
30.45,-80.39,29.35
30.45,-80.37,29.57
30.45,-80.35,29.88
30.45,-80.33,30.21
30.45,-80.31,30.37
30.45,-80.29,30.4
30.45,-80.27,30.48
30.45,-80.25,30.54
30.45,-80.23,30.55
30.45,-80.21,30.54
30.45,-80.19,30.49
30.45,-80.17,30.43
30.45,-80.15,30.39
30.45,-80.13,30.44
30.45,-80.11,30.46
30.45,-80.09,30.5
30.45,-80.07,30.49
30.45,-80.05,30.54
30.45,-80.03,30.52
30.45,-80.01,30.51
30.45,-79.99,30.48
30.45,-79.97,30.46
30.45,-79.95,30.44
30.45,-79.93,30.44
30.45,-79.91,30.48
30.45,-79.89,30.56
30.45,-79.87,30.56
30.45,-79.85,30.56
30.45,-79.83,30.53
30.45,-79.81,30.48
30.45,-79.79,30.43
30.45,-79.77,30.42
30.45,-79.75,30.43
30.45,-79.73,30.42
30.45,-79.71,30.44
30.45,-79.69,30.47
30.45,-79.67,30.39
30.45,-79.65,30.4
30.45,-79.63,30.43
30.45,-79.61,30.44
30.45,-79.59,30.32
30.45,-79.57,30.25
30.45,-79.55,30.18
30.45,-79.53,30.15
30.45,-79.51,30.05
30.45,-79.49,30.02
30.45,-79.47,30.03
30.45,-79.45,29.99
30.45,-79.43,29.97
30.45,-79.41,29.94
30.45,-79.39,29.94
30.45,-79.37,30.04
30.45,-79.35,29.98
30.45,-79.33,29.72
30.45,-79.31,29.62
30.45,-79.29,29.65
30.45,-79.27,29.68
30.45,-79.25,29.68
30.45,-79.23,29.5
30.45,-79.21,29.56
30.45,-79.03,29.86
30.45,-79.01,29.85
30.45,-78.99,29.79
30.45,-78.91,29.76
30.45,-78.89,29.78
30.45,-78.87,29.81
30.45,-78.85,29.87
30.45,-78.83,29.85
30.45,-78.81,29.76
30.45,-78.79,29.77
30.45,-78.09,29.74
30.45,-78.07,29.74
30.45,-78.01,29.74
30.45,-77.99,29.7
30.45,-77.95,29.58
30.45,-77.93,29.58
30.45,-77.91,29.52
30.45,-77.89,29.49
30.45,-77.87,29.4
30.45,-77.85,29.41
30.45,-77.83,29.47
30.45,-77.69,29.74
30.45,-77.67,29.72
30.45,-77.59,29.78
30.45,-77.57,29.82
30.45,-75.83,29.84
30.45,-75.81,29.95
30.45,-75.79,30.03
30.45,-75.77,30.04
30.45,-75.75,30.1
30.45,-75.73,30.23
30.45,-75.71,30.34
30.45,-75.69,30.29
30.45,-75.67,30.38
30.45,-75.65,30.48
30.43,-81.35,28.28
30.43,-81.33,28.39
30.43,-81.31,28.53
30.43,-81.29,28.4
30.43,-81.27,28.26
30.43,-81.25,27.9
30.43,-81.23,27.97
30.43,-81.21,28.02
30.43,-81.19,28.05
30.43,-81.17,28.14
30.43,-81.15,28.32
30.43,-81.13,28.63
30.43,-81.11,28.83
30.43,-81.09,28.9
30.43,-81.07,28.94
30.43,-81.05,28.94
30.43,-81.03,29.03
30.43,-81.01,29.11
30.43,-80.99,29.11
30.43,-80.97,29.07
30.43,-80.95,29.07
30.43,-80.93,29.05
30.43,-80.91,29.02
30.43,-80.89,29.0
30.43,-80.87,29.05
30.43,-80.85,29.06
30.43,-80.83,29.03
30.43,-80.81,29.03
30.43,-80.79,29.06
30.43,-80.77,29.02
30.43,-80.75,28.96
30.43,-80.73,28.94
30.43,-80.71,28.87
30.43,-80.69,28.91
30.43,-80.67,28.91
30.43,-80.65,28.92
30.43,-80.63,28.93
30.43,-80.61,28.98
30.43,-80.59,28.99
30.43,-80.57,29.04
30.43,-80.55,29.04
30.43,-80.53,28.96
30.43,-80.51,28.89
30.43,-80.49,29.0
30.43,-80.47,29.12
30.43,-80.45,29.26
30.43,-80.43,29.3
30.43,-80.41,29.39
30.43,-80.39,29.7
30.43,-80.37,29.88
30.43,-80.35,30.16
30.43,-80.33,30.28
30.43,-80.31,30.46
30.43,-80.29,30.47
30.43,-80.27,30.51
30.43,-80.25,30.57
30.43,-80.23,30.54
30.43,-80.21,30.52
30.43,-80.19,30.49
30.43,-80.17,30.37
30.43,-80.15,30.4
30.43,-80.13,30.46
30.43,-80.11,30.51
30.43,-80.09,30.51
30.43,-80.07,30.52
30.43,-80.05,30.51
30.43,-80.03,30.5
30.43,-80.01,30.51
30.43,-79.99,30.5
30.43,-79.97,30.49
30.43,-79.95,30.42
30.43,-79.93,30.46
30.43,-79.91,30.51
30.43,-79.89,30.53
30.43,-79.87,30.55
30.43,-79.85,30.53
30.43,-79.83,30.49
30.43,-79.81,30.48
30.43,-79.79,30.47
30.43,-79.77,30.46
30.43,-79.75,30.45
30.43,-79.73,30.43
30.43,-79.71,30.44
30.43,-79.69,30.42
30.43,-79.67,30.37
30.43,-79.65,30.4
30.43,-79.63,30.38
30.43,-79.61,30.35
30.43,-79.59,30.29
30.43,-79.57,30.26
30.43,-79.55,30.17
30.43,-79.53,30.06
30.43,-79.51,29.94
30.43,-79.49,29.92
30.43,-79.47,29.91
30.43,-79.45,29.91
30.43,-79.43,29.92
30.43,-79.41,29.93
30.43,-79.39,29.86
30.43,-79.37,29.89
30.43,-79.35,30.0
30.43,-79.33,29.52
30.43,-79.31,29.61
30.43,-79.29,29.58
30.43,-79.27,29.67
30.43,-79.25,29.64
30.43,-79.23,29.47
30.43,-79.01,29.8
30.43,-78.99,29.77
30.43,-78.97,29.76
30.43,-78.89,29.75
30.43,-78.87,29.77
30.43,-78.85,29.79
30.43,-78.83,29.75
30.43,-78.81,29.68
30.43,-78.03,29.73
30.43,-78.01,29.7
30.43,-77.99,29.69
30.43,-77.95,29.58
30.43,-77.93,29.61
30.43,-77.91,29.57
30.43,-77.89,29.45
30.43,-77.87,29.44
30.43,-77.85,29.47
30.43,-77.83,29.44
30.43,-77.81,29.45
30.43,-75.83,29.82
30.43,-75.81,29.86
30.43,-75.79,29.89
30.43,-75.77,30.02
30.43,-75.75,30.09
30.43,-75.73,30.18
30.43,-75.65,30.42
30.43,-75.63,30.42
30.41,-81.39,28.86
30.41,-81.37,28.7
30.41,-81.33,28.82
30.41,-81.31,28.84
30.41,-81.27,27.65
30.41,-81.25,27.68
30.41,-81.23,27.8
30.41,-81.21,27.91
30.41,-81.19,28.07
30.41,-81.17,28.24
30.41,-81.15,28.41
30.41,-81.13,28.65
30.41,-81.11,28.75
30.41,-81.09,28.83
30.41,-81.07,28.9
30.41,-81.05,28.97
30.41,-81.03,29.07
30.41,-81.01,29.11
30.41,-80.99,29.03
30.41,-80.97,28.98
30.41,-80.95,29.03
30.41,-80.93,29.03
30.41,-80.91,29.02
30.41,-80.89,29.01
30.41,-80.87,29.02
30.41,-80.85,29.08
30.41,-80.83,29.09
30.41,-80.81,29.05
30.41,-80.79,29.04
30.41,-80.77,28.96
30.41,-80.75,28.92
30.41,-80.73,28.89
30.41,-80.71,28.91
30.41,-80.69,28.95
30.41,-80.67,28.91
30.41,-80.65,28.93
30.41,-80.63,28.96
30.41,-80.61,29.0
30.41,-80.59,29.02
30.41,-80.57,29.0
30.41,-80.55,28.97
30.41,-80.53,28.9
30.41,-80.51,28.94
30.41,-80.49,29.09
30.41,-80.47,29.22
30.41,-80.45,29.27
30.41,-80.43,29.44
30.41,-80.41,29.62
30.41,-80.39,29.83
30.41,-80.37,30.17
30.41,-80.35,30.32
30.41,-80.33,30.42
30.41,-80.31,30.49
30.41,-80.29,30.56
30.41,-80.27,30.55
30.41,-80.25,30.54
30.41,-80.23,30.56
30.41,-80.21,30.53
30.41,-80.19,30.38
30.41,-80.17,30.4
30.41,-80.15,30.41
30.41,-80.13,30.47
30.41,-80.11,30.52
30.41,-80.09,30.53
30.41,-80.07,30.52
30.41,-80.05,30.5
30.41,-80.03,30.52
30.41,-80.01,30.52
30.41,-79.99,30.49
30.41,-79.97,30.48
30.41,-79.95,30.39
30.41,-79.93,30.44
30.41,-79.91,30.54
30.41,-79.89,30.57
30.41,-79.87,30.55
30.41,-79.85,30.5
30.41,-79.83,30.46
30.41,-79.81,30.47
30.41,-79.79,30.44
30.41,-79.77,30.46
30.41,-79.75,30.47
30.41,-79.73,30.45
30.41,-79.71,30.4
30.41,-79.69,30.38
30.41,-79.67,30.36
30.41,-79.65,30.36
30.41,-79.63,30.3
30.41,-79.61,30.29
30.41,-79.59,30.25
30.41,-79.57,30.18
30.41,-79.55,30.08
30.41,-79.53,29.97
30.41,-79.51,29.9
30.41,-79.49,29.82
30.41,-79.47,29.83
30.41,-79.45,29.86
30.41,-79.43,29.82
30.41,-79.41,29.81
30.41,-79.39,29.7
30.41,-79.37,29.66
30.41,-79.35,29.49
30.41,-79.33,29.46
30.41,-79.31,29.65
30.41,-79.29,29.63
30.41,-78.89,29.7
30.41,-78.87,29.72
30.41,-78.85,29.73
30.41,-78.83,29.73
30.41,-78.81,29.71
30.41,-78.63,29.71
30.41,-78.61,29.7
30.41,-78.59,29.72
30.41,-78.01,29.69
30.41,-77.99,29.66
30.41,-77.95,29.64
30.41,-77.93,29.58
30.41,-77.91,29.53
30.41,-77.89,29.5
30.41,-77.87,29.48
30.41,-77.85,29.51
30.41,-77.83,29.5
30.41,-77.79,29.59
30.41,-75.83,29.84
30.41,-75.81,29.85
30.41,-75.79,29.86
30.41,-75.77,30.01
30.41,-75.75,30.04
30.39,-81.39,28.86
30.39,-81.37,28.81
30.39,-81.33,28.4
30.39,-81.27,27.55
30.39,-81.25,27.55
30.39,-81.23,27.71
30.39,-81.21,27.87
30.39,-81.19,27.92
30.39,-81.17,28.32
30.39,-81.15,28.45
30.39,-81.13,28.57
30.39,-81.11,28.71
30.39,-81.09,28.79
30.39,-81.07,28.88
30.39,-81.05,28.93
30.39,-81.03,29.0
30.39,-81.01,29.02
30.39,-80.99,28.99
30.39,-80.97,28.99
30.39,-80.95,28.99
30.39,-80.93,29.04
30.39,-80.91,29.01
30.39,-80.89,29.02
30.39,-80.87,29.08
30.39,-80.85,29.07
30.39,-80.83,29.07
30.39,-80.81,29.03
30.39,-80.79,29.0
30.39,-80.77,28.91
30.39,-80.75,28.89
30.39,-80.73,28.89
30.39,-80.71,28.92
30.39,-80.69,28.93
30.39,-80.67,28.91
30.39,-80.65,28.93
30.39,-80.63,28.98
30.39,-80.61,28.99
30.39,-80.59,29.0
30.39,-80.57,28.94
30.39,-80.55,28.86
30.39,-80.53,28.94
30.39,-80.51,29.03
30.39,-80.49,29.18
30.39,-80.47,29.28
30.39,-80.45,29.42
30.39,-80.43,29.51
30.39,-80.41,29.82
30.39,-80.39,30.0
30.39,-80.37,30.22
30.39,-80.35,30.34
30.39,-80.33,30.45
30.39,-80.31,30.48
30.39,-80.29,30.55
30.39,-80.27,30.59
30.39,-80.25,30.57
30.39,-80.23,30.51
30.39,-80.21,30.45
30.39,-80.19,30.36
30.39,-80.17,30.43
30.39,-80.15,30.47
30.39,-80.13,30.53
30.39,-80.11,30.5
30.39,-80.09,30.55
30.39,-80.07,30.57
30.39,-80.05,30.55
30.39,-80.03,30.61
30.39,-80.01,30.53
30.39,-79.99,30.48
30.39,-79.97,30.49
30.39,-79.95,30.43
30.39,-79.93,30.48
30.39,-79.91,30.51
30.39,-79.89,30.53
30.39,-79.87,30.52
30.39,-79.85,30.49
30.39,-79.83,30.46
30.39,-79.81,30.42
30.39,-79.79,30.41
30.39,-79.77,30.43
30.39,-79.75,30.41
30.39,-79.73,30.39
30.39,-79.71,30.33
30.39,-79.69,30.3
30.39,-79.67,30.29
30.39,-79.65,30.29
30.39,-79.63,30.29
30.39,-79.61,30.21
30.39,-79.59,30.14
30.39,-79.57,30.07
30.39,-79.55,29.97
30.39,-79.53,29.92
30.39,-79.51,29.87
30.39,-79.49,29.79
30.39,-79.47,29.8
30.39,-79.45,29.83
30.39,-79.43,29.64
30.39,-79.41,29.65
30.39,-79.39,29.51
30.39,-79.37,29.55
30.39,-79.35,29.53
30.39,-79.33,29.49
30.39,-79.17,29.68
30.39,-79.15,29.54
30.39,-79.13,29.49
30.39,-79.11,29.63
30.39,-79.05,29.46
30.39,-79.03,29.42
30.39,-79.01,29.4
30.39,-78.99,29.38
30.39,-78.97,29.39
30.39,-78.95,29.4
30.39,-78.91,29.73
30.39,-78.89,29.71
30.39,-78.87,29.7
30.39,-78.85,29.69
30.39,-78.83,29.67
30.39,-78.81,29.65
30.39,-78.79,29.65
30.39,-78.65,29.73
30.39,-78.63,29.73
30.39,-78.61,29.77
30.39,-78.59,29.74
30.39,-78.45,29.82
30.39,-77.99,29.68
30.39,-75.81,29.79
30.39,-75.79,29.79
30.39,-75.77,29.84
30.39,-75.75,29.91
30.37,-81.27,27.54
30.37,-81.25,27.5
30.37,-81.23,27.51
30.37,-81.21,27.55
30.37,-81.19,27.91
30.37,-81.17,28.21
30.37,-81.15,28.35
30.37,-81.13,28.5
30.37,-81.11,28.64
30.37,-81.09,28.75
30.37,-81.07,28.82
30.37,-81.05,28.92
30.37,-81.03,28.98
30.37,-81.01,28.99
30.37,-80.99,28.96
30.37,-80.97,28.97
30.37,-80.95,28.98
30.37,-80.93,28.99
30.37,-80.91,29.05
30.37,-80.89,29.12
30.37,-80.87,29.12
30.37,-80.85,29.07
30.37,-80.83,29.08
30.37,-80.81,29.0
30.37,-80.79,28.96
30.37,-80.77,28.89
30.37,-80.75,28.88
30.37,-80.73,28.88
30.37,-80.71,28.86
30.37,-80.69,28.9
30.37,-80.67,28.92
30.37,-80.65,28.94
30.37,-80.63,28.93
30.37,-80.61,28.93
30.37,-80.59,28.98
30.37,-80.57,28.85
30.37,-80.55,28.91
30.37,-80.53,28.98
30.37,-80.51,29.11
30.37,-80.49,29.32
30.37,-80.47,29.32
30.37,-80.45,29.41
30.37,-80.43,29.8
30.37,-80.41,29.93
30.37,-80.39,30.09
30.37,-80.37,30.28
30.37,-80.35,30.37
30.37,-80.33,30.52
30.37,-80.31,30.59
30.37,-80.29,30.61
30.37,-80.27,30.6
30.37,-80.25,30.46
30.37,-80.23,30.51
30.37,-80.21,30.41
30.37,-80.19,30.37
30.37,-80.17,30.47
30.37,-80.15,30.49
30.37,-80.13,30.53
30.37,-80.11,30.56
30.37,-80.09,30.61
30.37,-80.07,30.66
30.37,-80.05,30.57
30.37,-80.03,30.5
30.37,-80.01,30.52
30.37,-79.99,30.54
30.37,-79.97,30.57
30.37,-79.95,30.49
30.37,-79.93,30.47
30.37,-79.91,30.46
30.37,-79.89,30.5
30.37,-79.87,30.51
30.37,-79.85,30.49
30.37,-79.83,30.45
30.37,-79.81,30.36
30.37,-79.79,30.35
30.37,-79.77,30.34
30.37,-79.75,30.33
30.37,-79.73,30.35
30.37,-79.71,30.31
30.37,-79.69,30.23
30.37,-79.67,30.26
30.37,-79.65,30.25
30.37,-79.63,30.2
30.37,-79.61,30.15
30.37,-79.59,30.09
30.37,-79.57,30.0
30.37,-79.55,29.91
30.37,-79.53,29.88
30.37,-79.51,29.84
30.37,-79.49,29.82
30.37,-79.47,29.77
30.37,-79.45,29.71
30.37,-79.19,29.6
30.37,-79.17,29.65
30.37,-79.15,29.61
30.37,-79.13,29.5
30.37,-79.11,29.71
30.37,-79.07,29.63
30.37,-79.05,29.64
30.37,-79.03,29.6
30.37,-78.99,29.66
30.37,-78.97,29.68
30.37,-78.95,29.87
30.37,-78.93,29.75
30.37,-78.91,29.73
30.37,-78.89,29.74
30.37,-78.87,29.7
30.37,-78.85,29.66
30.37,-78.83,29.66
30.37,-78.81,29.65
30.37,-78.79,29.64
30.37,-78.77,29.67
30.37,-78.75,29.74
30.37,-78.73,29.74
30.37,-78.71,29.74
30.37,-78.69,29.71
30.37,-78.67,29.74
30.37,-78.65,29.75
30.37,-78.63,29.76
30.37,-78.61,29.76
30.37,-78.55,29.91
30.37,-78.49,29.82
30.37,-78.47,29.8
30.37,-78.45,29.81
30.37,-77.57,29.78
30.37,-75.81,29.78
30.37,-75.79,29.78
30.35,-81.27,27.54
30.35,-81.25,27.52
30.35,-81.23,27.49
30.35,-81.21,27.61
30.35,-81.19,27.79
30.35,-81.17,28.13
30.35,-81.15,28.21
30.35,-81.13,28.31
30.35,-81.11,28.49
30.35,-81.09,28.66
30.35,-81.07,28.82
30.35,-81.05,28.94
30.35,-81.03,28.99
30.35,-81.01,28.95
30.35,-80.99,28.89
30.35,-80.97,28.97
30.35,-80.95,29.01
30.35,-80.93,29.03
30.35,-80.91,29.09
30.35,-80.89,29.11
30.35,-80.87,29.08
30.35,-80.85,29.07
30.35,-80.83,29.07
30.35,-80.81,29.01
30.35,-80.79,28.94
30.35,-80.77,28.92
30.35,-80.75,28.87
30.35,-80.73,28.86
30.35,-80.71,28.84
30.35,-80.69,28.88
30.35,-80.67,28.9
30.35,-80.65,28.91
30.35,-80.63,28.9
30.35,-80.61,28.95
30.35,-80.59,28.94
30.35,-80.57,28.84
30.35,-80.55,28.97
30.35,-80.53,29.08
30.35,-80.51,29.2
30.35,-80.49,29.32
30.35,-80.47,29.36
30.35,-80.45,29.64
30.35,-80.43,29.88
30.35,-80.41,29.92
30.35,-80.39,29.98
30.35,-80.37,30.26
30.35,-80.35,30.54
30.35,-80.33,30.57
30.35,-80.31,30.59
30.35,-80.29,30.58
30.35,-80.27,30.53
30.35,-80.25,30.48
30.35,-80.23,30.44
30.35,-80.21,30.37
30.35,-80.19,30.43
30.35,-80.17,30.49
30.35,-80.15,30.49
30.35,-80.13,30.58
30.35,-80.11,30.63
30.35,-80.09,30.62
30.35,-80.07,30.62
30.35,-80.05,30.54
30.35,-80.03,30.54
30.35,-80.01,30.56
30.35,-79.99,30.57
30.35,-79.97,30.55
30.35,-79.95,30.48
30.35,-79.93,30.44
30.35,-79.91,30.46
30.35,-79.89,30.52
30.35,-79.87,30.5
30.35,-79.85,30.48
30.35,-79.83,30.42
30.35,-79.81,30.36
30.35,-79.79,30.3
30.35,-79.77,30.27
30.35,-79.75,30.27
30.35,-79.73,30.23
30.35,-79.71,30.14
30.35,-79.69,30.14
30.35,-79.67,30.14
30.35,-79.65,30.13
30.35,-79.63,30.12
30.35,-79.61,30.1
30.35,-79.59,30.06
30.35,-79.57,30.01
30.35,-79.55,29.91
30.35,-79.53,29.87
30.35,-79.51,29.79
30.35,-79.49,29.71
30.35,-79.47,29.6
30.35,-79.45,29.55
30.35,-79.37,29.53
30.35,-79.35,29.55
30.35,-79.33,29.52
30.35,-79.21,29.69
30.35,-79.19,29.71
30.35,-79.17,29.74
30.35,-79.15,29.74
30.35,-79.13,29.74
30.35,-79.11,29.69
30.35,-79.09,29.65
30.35,-79.07,29.64
30.35,-79.05,29.69
30.35,-79.03,29.68
30.35,-79.01,29.44
30.35,-78.99,29.5
30.35,-78.97,29.5
30.35,-78.95,29.51
30.35,-78.93,29.74
30.35,-78.89,29.75
30.35,-78.87,29.73
30.35,-78.85,29.67
30.35,-78.83,29.66
30.35,-78.79,29.65
30.35,-78.77,29.68
30.35,-78.75,29.73
30.35,-78.73,29.69
30.35,-78.71,29.7
30.35,-78.67,29.7
30.35,-77.97,29.83
30.35,-77.57,29.73
30.33,-81.39,27.43
30.33,-81.27,27.53
30.33,-81.25,27.51
30.33,-81.23,27.57
30.33,-81.21,27.69
30.33,-81.19,27.73
30.33,-81.17,27.91
30.33,-81.15,28.09
30.33,-81.13,28.19
30.33,-81.11,28.42
30.33,-81.09,28.75
30.33,-81.07,28.84
30.33,-81.05,28.91
30.33,-81.03,28.91
30.33,-81.01,28.88
30.33,-80.99,28.92
30.33,-80.97,28.95
30.33,-80.95,29.03
30.33,-80.93,29.04
30.33,-80.91,29.06
30.33,-80.89,29.06
30.33,-80.87,29.06
30.33,-80.85,29.02
30.33,-80.83,29.09
30.33,-80.81,29.03
30.33,-80.79,28.94
30.33,-80.77,28.89
30.33,-80.75,28.87
30.33,-80.73,28.84
30.33,-80.71,28.81
30.33,-80.69,28.82
30.33,-80.67,28.86
30.33,-80.65,28.94
30.33,-80.63,28.97
30.33,-80.61,28.94
30.33,-80.59,28.89
30.33,-80.57,28.89
30.33,-80.55,29.02
30.33,-80.53,29.15
30.33,-80.51,29.28
30.33,-80.49,29.39
30.33,-80.47,29.49
30.33,-80.45,29.75
30.33,-80.43,29.9
30.33,-80.41,29.94
30.33,-80.39,30.11
30.33,-80.37,30.4
30.33,-80.35,30.5
30.33,-80.33,30.58
30.33,-80.31,30.56
30.33,-80.29,30.56
30.33,-80.27,30.53
30.33,-80.25,30.46
30.33,-80.23,30.4
30.33,-80.21,30.43
30.33,-80.19,30.47
30.33,-80.17,30.52
30.33,-80.15,30.53
30.33,-80.13,30.57
30.33,-80.11,30.56
30.33,-80.09,30.58
30.33,-80.07,30.6
30.33,-80.05,30.59
30.33,-80.03,30.59
30.33,-80.01,30.59
30.33,-79.99,30.55
30.33,-79.97,30.53
30.33,-79.95,30.48
30.33,-79.93,30.44
30.33,-79.91,30.47
30.33,-79.89,30.49
30.33,-79.87,30.46
30.33,-79.85,30.46
30.33,-79.83,30.41
30.33,-79.81,30.35
30.33,-79.79,30.3
30.33,-79.77,30.28
30.33,-79.75,30.23
30.33,-79.73,30.17
30.33,-79.71,30.03
30.33,-79.69,29.98
30.33,-79.67,30.03
30.33,-79.65,30.05
30.33,-79.63,30.09
30.33,-79.61,30.08
30.33,-79.59,30.02
30.33,-79.57,29.96
30.33,-79.55,29.89
30.33,-79.53,29.82
30.33,-79.51,29.77
30.33,-79.49,29.61
30.33,-79.47,29.49
30.33,-79.45,29.54
30.33,-79.33,29.48
30.33,-79.31,29.5
30.33,-79.29,29.53
30.33,-79.25,29.61
30.33,-79.23,29.62
30.33,-79.21,29.64
30.33,-79.19,29.86
30.33,-79.17,29.83
30.33,-79.15,29.67
30.33,-79.13,29.67
30.33,-79.11,29.59
30.33,-79.09,29.44
30.33,-79.07,29.37
30.33,-79.05,29.43
30.33,-79.03,29.61
30.33,-79.01,29.36
30.33,-78.99,29.41
30.33,-78.97,29.39
30.33,-78.91,29.71
30.33,-78.89,29.77
30.33,-78.87,29.72
30.33,-78.85,29.64
30.33,-78.79,29.66
30.33,-78.77,29.65
30.33,-78.75,29.61
30.33,-78.73,29.58
30.33,-78.71,29.55
30.33,-78.39,29.73
30.33,-78.29,29.76
30.33,-78.27,29.77
30.33,-78.23,29.9
30.33,-78.21,29.87
30.33,-78.19,29.79
30.33,-77.97,29.81
30.33,-77.53,29.73
30.31,-81.67,31.54
30.31,-81.65,31.54
30.31,-81.29,27.49
30.31,-81.27,27.5
30.31,-81.25,27.6
30.31,-81.23,27.54
30.31,-81.21,27.64
30.31,-81.19,27.71
30.31,-81.17,27.77
30.31,-81.15,27.96
30.31,-81.13,28.21
30.31,-81.11,28.47
30.31,-81.09,28.77
30.31,-81.07,28.83
30.31,-81.05,28.78
30.31,-81.03,28.83
30.31,-81.01,28.86
30.31,-80.99,28.94
30.31,-80.97,29.02
30.31,-80.95,29.03
30.31,-80.93,29.01
30.31,-80.91,29.02
30.31,-80.89,29.03
30.31,-80.87,29.03
30.31,-80.85,29.05
30.31,-80.83,29.06
30.31,-80.81,28.98
30.31,-80.79,28.93
30.31,-80.77,28.92
30.31,-80.75,28.89
30.31,-80.73,28.81
30.31,-80.71,28.73
30.31,-80.69,28.8
30.31,-80.67,28.93
30.31,-80.65,28.97
30.31,-80.63,29.0
30.31,-80.61,28.93
30.31,-80.59,28.89
30.31,-80.57,28.94
30.31,-80.55,29.14
30.31,-80.53,29.25
30.31,-80.51,29.31
30.31,-80.49,29.39
30.31,-80.47,29.58
30.31,-80.45,29.81
30.31,-80.43,29.93
30.31,-80.41,30.14
30.31,-80.39,30.37
30.31,-80.37,30.44
30.31,-80.35,30.53
30.31,-80.33,30.59
30.31,-80.31,30.53
30.31,-80.29,30.51
30.31,-80.27,30.53
30.31,-80.25,30.45
30.31,-80.23,30.44
30.31,-80.21,30.48
30.31,-80.19,30.48
30.31,-80.17,30.47
30.31,-80.15,30.52
30.31,-80.13,30.57
30.31,-80.11,30.59
30.31,-80.09,30.64
30.31,-80.07,30.62
30.31,-80.05,30.57
30.31,-80.03,30.53
30.31,-80.01,30.54
30.31,-79.99,30.51
30.31,-79.97,30.49
30.31,-79.95,30.49
30.31,-79.93,30.47
30.31,-79.91,30.46
30.31,-79.89,30.46
30.31,-79.87,30.45
30.31,-79.85,30.41
30.31,-79.83,30.34
30.31,-79.81,30.3
30.31,-79.79,30.27
30.31,-79.77,30.2
30.31,-79.75,30.11
30.31,-79.73,30.03
30.31,-79.71,29.94
30.31,-79.69,29.93
30.31,-79.67,29.96
30.31,-79.65,30.02
30.31,-79.63,30.0
30.31,-79.61,29.97
30.31,-79.59,29.92
30.31,-79.57,29.88
30.31,-79.55,29.84
30.31,-79.53,29.77
30.31,-79.51,29.7
30.31,-79.49,29.6
30.31,-79.33,29.4
30.31,-79.31,29.38
30.31,-79.29,29.45
30.31,-79.27,29.62
30.31,-79.25,29.63
30.31,-79.23,29.63
30.31,-79.21,29.66
30.31,-79.19,29.73
30.31,-79.17,29.6
30.31,-79.15,29.55
30.31,-79.09,29.21
30.31,-79.07,29.28
30.31,-79.05,29.32
30.31,-79.03,29.37
30.31,-79.01,29.21
30.31,-78.95,29.34
30.31,-78.93,29.46
30.31,-78.91,29.63
30.31,-78.89,29.67
30.31,-78.87,29.63
30.31,-78.85,29.6
30.31,-78.83,29.56
30.31,-78.81,29.58
30.31,-78.79,29.61
30.31,-78.77,29.6
30.31,-78.75,29.56
30.31,-78.73,29.5
30.31,-78.71,29.5
30.31,-78.69,29.49
30.31,-78.67,29.47
30.31,-78.65,29.47
30.31,-78.63,29.47
30.31,-78.61,29.48
30.31,-78.33,29.8
30.31,-78.31,29.79
30.31,-78.21,29.94
30.31,-77.97,29.79
30.31,-77.93,29.64
30.31,-77.91,29.61
30.31,-77.83,29.72
30.31,-77.53,29.69
30.29,-81.67,31.68
30.29,-81.37,27.35
30.29,-81.35,27.29
30.29,-81.33,27.36
30.29,-81.31,27.38
30.29,-81.29,27.51
30.29,-81.27,27.43
30.29,-81.25,27.47
30.29,-81.23,27.46
30.29,-81.21,27.5
30.29,-81.19,27.62
30.29,-81.17,27.69
30.29,-81.15,28.01
30.29,-81.13,28.27
30.29,-81.11,28.49
30.29,-81.09,28.59
30.29,-81.07,28.65
30.29,-81.05,28.68
30.29,-81.03,28.75
30.29,-81.01,28.89
30.29,-80.99,28.99
30.29,-80.97,29.02
30.29,-80.95,29.01
30.29,-80.93,29.02
30.29,-80.91,29.01
30.29,-80.89,29.03
30.29,-80.87,29.06
30.29,-80.85,29.07
30.29,-80.83,29.01
30.29,-80.81,28.96
30.29,-80.79,28.95
30.29,-80.77,28.91
30.29,-80.75,28.84
30.29,-80.73,28.75
30.29,-80.71,28.74
30.29,-80.69,28.82
30.29,-80.67,28.95
30.29,-80.65,28.98
30.29,-80.63,28.99
30.29,-80.61,28.92
30.29,-80.59,28.96
30.29,-80.57,29.06
30.29,-80.55,29.2
30.29,-80.53,29.26
30.29,-80.51,29.31
30.29,-80.49,29.47
30.29,-80.47,29.65
30.29,-80.45,29.83
30.29,-80.43,30.06
30.29,-80.41,30.27
30.29,-80.39,30.4
30.29,-80.37,30.52
30.29,-80.35,30.52
30.29,-80.33,30.54
30.29,-80.31,30.51
30.29,-80.29,30.51
30.29,-80.27,30.5
30.29,-80.25,30.48
30.29,-80.23,30.42
30.29,-80.21,30.43
30.29,-80.19,30.45
30.29,-80.17,30.5
30.29,-80.15,30.5
30.29,-80.13,30.59
30.29,-80.11,30.62
30.29,-80.09,30.62
30.29,-80.07,30.57
30.29,-80.05,30.54
30.29,-80.03,30.47
30.29,-80.01,30.46
30.29,-79.99,30.46
30.29,-79.97,30.46
30.29,-79.95,30.5
30.29,-79.93,30.46
30.29,-79.91,30.44
30.29,-79.89,30.41
30.29,-79.87,30.34
30.29,-79.85,30.31
30.29,-79.83,30.28
30.29,-79.81,30.24
30.29,-79.79,30.12
30.29,-79.77,29.99
30.29,-79.75,29.93
30.29,-79.73,29.93
30.29,-79.71,29.95
30.29,-79.69,29.96
30.29,-79.67,29.94
30.29,-79.65,29.9
30.29,-79.63,29.82
30.29,-79.61,29.81
30.29,-79.59,29.83
30.29,-79.57,29.78
30.29,-79.55,29.65
30.29,-79.53,29.65
30.29,-79.51,29.66
30.29,-79.49,29.46
30.29,-79.47,29.45
30.29,-79.45,29.51
30.29,-79.43,29.47
30.29,-79.41,29.48
30.29,-79.39,29.44
30.29,-79.37,29.41
30.29,-79.35,29.45
30.29,-79.33,29.46
30.29,-79.31,29.37
30.29,-79.29,29.45
30.29,-79.27,29.59
30.29,-79.25,29.48
30.29,-79.23,29.52
30.29,-79.21,29.6
30.29,-79.19,29.54
30.29,-79.17,29.43
30.29,-79.09,29.23
30.29,-79.07,29.34
30.29,-79.05,29.34
30.29,-79.03,29.37
30.29,-79.01,29.08
30.29,-78.99,28.97
30.29,-78.97,29.25
30.29,-78.95,29.33
30.29,-78.93,29.49
30.29,-78.91,29.69
30.29,-78.89,29.55
30.29,-78.87,29.53
30.29,-78.85,29.59
30.29,-78.83,29.59
30.29,-78.81,29.6
30.29,-78.79,29.57
30.29,-78.77,29.56
30.29,-78.75,29.54
30.29,-78.73,29.51
30.29,-78.71,29.54
30.29,-78.69,29.57
30.29,-78.67,29.47
30.29,-78.65,29.45
30.29,-78.63,29.45
30.29,-78.61,29.47
30.29,-78.37,29.72
30.29,-78.35,29.75
30.29,-78.33,29.79
30.29,-77.83,29.72
30.29,-77.81,29.65
30.27,-81.67,31.78
30.27,-81.37,27.37
30.27,-81.35,27.3
30.27,-81.33,27.33
30.27,-81.31,27.33
30.27,-81.29,27.39
30.27,-81.27,27.38
30.27,-81.25,27.34
30.27,-81.23,27.35
30.27,-81.21,27.37
30.27,-81.19,27.42
30.27,-81.17,27.65
30.27,-81.15,27.93
30.27,-81.13,28.37
30.27,-81.11,28.52
30.27,-81.09,28.41
30.27,-81.07,28.57
30.27,-81.05,28.61
30.27,-81.03,28.8
30.27,-81.01,28.92
30.27,-80.99,29.01
30.27,-80.97,29.05
30.27,-80.95,29.01
30.27,-80.93,29.0
30.27,-80.91,29.01
30.27,-80.89,29.05
30.27,-80.87,29.09
30.27,-80.85,29.07
30.27,-80.83,29.0
30.27,-80.81,28.96
30.27,-80.79,28.91
30.27,-80.77,28.83
30.27,-80.75,28.77
30.27,-80.73,28.77
30.27,-80.71,28.79
30.27,-80.69,28.86
30.27,-80.67,28.94
30.27,-80.65,28.99
30.27,-80.63,28.94
30.27,-80.61,28.91
30.27,-80.59,28.97
30.27,-80.57,29.13
30.27,-80.55,29.28
30.27,-80.53,29.32
30.27,-80.51,29.32
30.27,-80.49,29.58
30.27,-80.47,29.73
30.27,-80.45,29.9
30.27,-80.43,30.08
30.27,-80.41,30.37
30.27,-80.39,30.53
30.27,-80.37,30.48
30.27,-80.35,30.49
30.27,-80.33,30.53
30.27,-80.31,30.57
30.27,-80.29,30.54
30.27,-80.27,30.51
30.27,-80.25,30.48
30.27,-80.23,30.39
30.27,-80.21,30.43
30.27,-80.19,30.45
30.27,-80.17,30.48
30.27,-80.15,30.5
30.27,-80.13,30.59
30.27,-80.11,30.61
30.27,-80.09,30.57
30.27,-80.07,30.5
30.27,-80.05,30.48
30.27,-80.03,30.45
30.27,-80.01,30.3
30.27,-79.99,30.42
30.27,-79.97,30.43
30.27,-79.95,30.44
30.27,-79.93,30.39
30.27,-79.91,30.38
30.27,-79.89,30.34
30.27,-79.87,30.26
30.27,-79.85,30.13
30.27,-79.83,30.07
30.27,-79.81,30.0
30.27,-79.79,29.93
30.27,-79.77,29.85
30.27,-79.75,29.87
30.27,-79.73,29.93
30.27,-79.71,29.92
30.27,-79.69,29.91
30.27,-79.67,29.84
30.27,-79.65,29.81
30.27,-79.63,29.79
30.27,-79.61,29.81
30.27,-79.59,29.81
30.27,-79.55,29.67
30.27,-79.53,29.62
30.27,-79.51,29.49
30.27,-79.49,29.49
30.27,-79.47,29.47
30.27,-79.45,29.5
30.27,-79.43,29.45
30.27,-79.41,29.53
30.27,-79.39,29.54
30.27,-79.37,29.51
30.27,-79.35,29.54
30.27,-79.33,29.57
30.27,-79.31,29.54
30.27,-79.29,29.61
30.27,-79.27,29.4
30.27,-79.25,29.36
30.27,-79.23,29.46
30.27,-79.21,29.5
30.27,-79.19,29.43
30.27,-79.11,29.22
30.27,-79.09,29.2
30.27,-79.07,29.24
30.27,-79.05,29.31
30.27,-79.03,29.37
30.27,-79.01,29.31
30.27,-78.99,29.24
30.27,-78.97,29.05
30.27,-78.95,29.38
30.27,-78.93,29.54
30.27,-78.91,29.59
30.27,-78.89,29.54
30.27,-78.87,29.54
30.27,-78.85,29.61
30.27,-78.83,29.6
30.27,-78.81,29.57
30.27,-78.79,29.55
30.27,-78.77,29.52
30.27,-78.75,29.53
30.27,-78.73,29.54
30.27,-78.71,29.56
30.27,-78.69,29.56
30.27,-78.67,29.54
30.25,-81.67,31.79
30.25,-81.65,31.81
30.25,-81.37,27.3
30.25,-81.35,27.37
30.25,-81.33,27.28
30.25,-81.31,27.31
30.25,-81.29,27.31
30.25,-81.27,27.31
30.25,-81.25,27.21
30.25,-81.23,27.3
30.25,-81.21,27.32
30.25,-81.19,27.35
30.25,-81.17,27.42
30.25,-81.15,27.71
30.25,-81.13,28.21
30.25,-81.11,28.14
30.25,-81.09,28.26
30.25,-81.07,28.49
30.25,-81.05,28.67
30.25,-81.03,28.96
30.25,-81.01,28.98
30.25,-80.99,29.04
30.25,-80.97,29.01
30.25,-80.95,28.98
30.25,-80.93,29.02
30.25,-80.91,29.04
30.25,-80.89,29.13
30.25,-80.87,29.12
30.25,-80.85,29.07
30.25,-80.83,28.97
30.25,-80.81,28.91
30.25,-80.79,28.88
30.25,-80.77,28.84
30.25,-80.75,28.8
30.25,-80.73,28.81
30.25,-80.71,28.81
30.25,-80.69,28.9
30.25,-80.67,28.95
30.25,-80.65,28.91
30.25,-80.63,28.85
30.25,-80.61,28.91
30.25,-80.59,29.01
30.25,-80.57,29.23
30.25,-80.55,29.33
30.25,-80.53,29.29
30.25,-80.51,29.32
30.25,-80.49,29.6
30.25,-80.47,29.77
30.25,-80.45,29.94
30.25,-80.43,30.18
30.25,-80.41,30.38
30.25,-80.39,30.39
30.25,-80.37,30.45
30.25,-80.35,30.52
30.25,-80.33,30.56
30.25,-80.31,30.55
30.25,-80.29,30.56
30.25,-80.27,30.47
30.25,-80.25,30.47
30.25,-80.23,30.4
30.25,-80.21,30.42
30.25,-80.19,30.48
30.25,-80.17,30.46
30.25,-80.15,30.52
30.25,-80.13,30.53
30.25,-80.11,30.54
30.25,-80.09,30.5
30.25,-80.07,30.43
30.25,-80.05,30.43
30.25,-80.03,30.39
30.25,-80.01,30.42
30.25,-79.99,30.4
30.25,-79.97,30.41
30.25,-79.95,30.35
30.25,-79.93,30.31
30.25,-79.91,30.32
30.25,-79.89,30.24
30.25,-79.87,30.09
30.25,-79.85,29.95
30.25,-79.83,29.95
30.25,-79.81,29.93
30.25,-79.79,29.83
30.25,-79.77,29.75
30.25,-79.75,29.61
30.25,-79.73,29.83
30.25,-79.71,29.85
30.25,-79.69,29.84
30.25,-79.67,29.78
30.25,-79.65,29.77
30.25,-79.63,29.74
30.25,-79.57,29.73
30.25,-79.55,29.79
30.25,-79.53,29.67
30.25,-79.51,29.49
30.25,-79.49,29.45
30.25,-79.47,29.5
30.25,-79.45,29.54
30.25,-79.43,29.57
30.25,-79.41,29.55
30.25,-79.39,29.54
30.25,-79.37,29.6
30.25,-79.35,29.55
30.25,-79.33,29.51
30.25,-79.31,29.51
30.25,-79.29,29.52
30.25,-79.27,29.34
30.25,-79.25,29.31
30.25,-79.23,29.5
30.25,-79.21,29.55
30.25,-79.17,29.31
30.25,-79.15,29.3
30.25,-79.13,29.25
30.25,-79.11,29.12
30.25,-79.09,29.06
30.25,-79.07,29.22
30.25,-79.05,29.35
30.25,-79.03,29.44
30.25,-79.01,29.38
30.25,-78.99,29.4
30.25,-78.97,29.44
30.25,-78.95,29.48
30.25,-78.93,29.52
30.25,-78.91,29.54
30.25,-78.89,29.52
30.25,-78.87,29.57
30.25,-78.85,29.59
30.25,-78.83,29.57
30.25,-78.81,29.54
30.25,-78.79,29.5
30.25,-78.77,29.5
30.25,-78.75,29.56
30.25,-78.73,29.59
30.25,-78.71,29.58
30.25,-78.69,29.55
30.25,-78.67,29.53
30.25,-78.65,29.52
30.25,-77.87,29.91
30.23,-81.65,32.2
30.23,-81.63,32.17
30.23,-81.37,27.25
30.23,-81.35,27.26
30.23,-81.33,27.24
30.23,-81.31,27.22
30.23,-81.29,27.22
30.23,-81.27,27.2
30.23,-81.25,27.22
30.23,-81.23,27.27
30.23,-81.21,27.26
30.23,-81.19,27.32
30.23,-81.17,27.34
30.23,-81.15,27.35
30.23,-81.13,27.47
30.23,-81.11,27.66
30.23,-81.09,28.09
30.23,-81.07,28.54
30.23,-81.05,28.75
30.23,-81.03,29.07
30.23,-81.01,29.04
30.23,-80.99,29.04
30.23,-80.97,29.01
30.23,-80.95,29.04
30.23,-80.93,29.02
30.23,-80.91,29.12
30.23,-80.89,29.13
30.23,-80.87,29.1
30.23,-80.85,29.02
30.23,-80.83,28.97
30.23,-80.81,28.93
30.23,-80.79,28.91
30.23,-80.77,28.87
30.23,-80.75,28.83
30.23,-80.73,28.77
30.23,-80.71,28.82
30.23,-80.69,28.9
30.23,-80.67,28.87
30.23,-80.65,28.85
30.23,-80.63,28.85
30.23,-80.61,28.89
30.23,-80.59,29.07
30.23,-80.57,29.24
30.23,-80.55,29.23
30.23,-80.53,29.29
30.23,-80.51,29.34
30.23,-80.49,29.67
30.23,-80.47,29.78
30.23,-80.45,29.95
30.23,-80.43,30.22
30.23,-80.41,30.26
30.23,-80.39,30.3
30.23,-80.37,30.47
30.23,-80.35,30.5
30.23,-80.33,30.47
30.23,-80.31,30.49
30.23,-80.29,30.52
30.23,-80.27,30.45
30.23,-80.25,30.46
30.23,-80.23,30.46
30.23,-80.21,30.44
30.23,-80.19,30.49
30.23,-80.17,30.45
30.23,-80.15,30.45
30.23,-80.13,30.47
30.23,-80.11,30.43
30.23,-80.09,30.4
30.23,-80.07,30.37
30.23,-80.05,30.47
30.23,-80.03,30.44
30.23,-80.01,30.35
30.23,-79.99,30.53
30.23,-79.97,30.46
30.23,-79.95,30.28
30.23,-79.93,30.36
30.23,-79.91,30.22
30.23,-79.89,30.16
30.23,-79.87,29.93
30.23,-79.85,29.83
30.23,-79.83,30.08
30.23,-79.81,29.75
30.23,-79.79,29.69
30.23,-79.77,29.64
30.23,-79.75,29.62
30.23,-79.73,29.78
30.23,-79.71,29.82
30.23,-79.69,29.82
30.23,-79.67,29.81
30.23,-79.65,29.79
30.23,-79.63,29.68
30.23,-79.61,29.6
30.23,-79.59,29.52
30.23,-79.57,29.66
30.23,-79.55,29.72
30.23,-79.53,29.71
30.23,-79.51,29.63
30.23,-79.49,29.46
30.23,-79.47,29.61
30.23,-79.45,29.61
30.23,-79.43,29.64
30.23,-79.41,29.62
30.23,-79.39,29.57
30.23,-79.37,29.54
30.23,-79.35,29.57
30.23,-79.33,29.58
30.23,-79.31,29.41
30.23,-79.29,29.39
30.23,-79.27,29.37
30.23,-79.25,29.5
30.23,-79.23,29.59
30.23,-79.21,29.51
30.23,-79.19,29.49
30.23,-79.17,29.46
30.23,-79.15,29.35
30.23,-79.13,29.27
30.23,-79.11,29.2
30.23,-79.09,29.27
30.23,-79.07,29.24
30.23,-79.05,29.3
30.23,-79.03,29.44
30.23,-79.01,29.48
30.23,-78.99,29.46
30.23,-78.97,29.47
30.23,-78.95,29.48
30.23,-78.93,29.46
30.23,-78.91,29.5
30.23,-78.89,29.34
30.23,-78.87,29.54
30.23,-78.85,29.56
30.23,-78.83,29.55
30.23,-78.81,29.54
30.23,-78.79,29.55
30.23,-78.77,29.56
30.23,-78.75,29.59
30.23,-78.73,29.58
30.23,-78.71,29.55
30.23,-78.69,29.56
30.23,-78.67,29.56
30.23,-78.05,29.79
30.23,-78.03,29.79
30.23,-77.85,29.9
30.23,-77.83,29.86
30.23,-77.81,29.84
30.21,-81.65,32.47
30.21,-81.63,32.57
30.21,-81.35,27.24
30.21,-81.33,27.21
30.21,-81.31,27.18
30.21,-81.29,27.14
30.21,-81.27,27.15
30.21,-81.25,27.14
30.21,-81.23,27.23
30.21,-81.21,27.27
30.21,-81.19,27.24
30.21,-81.17,27.31
30.21,-81.15,27.39
30.21,-81.13,27.35
30.21,-81.11,27.69
30.21,-81.09,28.09
30.21,-81.07,28.49
30.21,-81.05,28.66
30.21,-81.03,29.05
30.21,-81.01,29.03
30.21,-80.99,29.05
30.21,-80.97,29.05
30.21,-80.95,29.06
30.21,-80.93,29.06
30.21,-80.91,29.08
30.21,-80.89,29.09
30.21,-80.87,29.12
30.21,-80.85,29.11
30.21,-80.83,29.05
30.21,-80.81,28.99
30.21,-80.79,28.9
30.21,-80.77,28.8
30.21,-80.75,28.7
30.21,-80.73,28.75
30.21,-80.71,28.85
30.21,-80.69,28.89
30.21,-80.67,28.86
30.21,-80.65,28.87
30.21,-80.63,28.84
30.21,-80.61,28.87
30.21,-80.59,29.06
30.21,-80.57,29.18
30.21,-80.55,29.22
30.21,-80.53,29.28
30.21,-80.51,29.36
30.21,-80.49,29.65
30.21,-80.47,29.75
30.21,-80.45,29.97
30.21,-80.43,30.14
30.21,-80.41,30.27
30.21,-80.39,30.37
30.21,-80.37,30.43
30.21,-80.35,30.42
30.21,-80.33,30.43
30.21,-80.31,30.48
30.21,-80.29,30.46
30.21,-80.27,30.4
30.21,-80.25,30.46
30.21,-80.23,30.51
30.21,-80.21,30.46
30.21,-80.19,30.44
30.21,-80.17,30.23
30.21,-80.15,30.45
30.21,-80.13,30.47
30.21,-80.11,30.43
30.21,-80.09,30.49
30.21,-80.07,30.46
30.21,-80.05,30.36
30.21,-80.03,30.29
30.21,-80.01,30.32
30.21,-79.99,30.54
30.21,-79.95,29.96
30.21,-79.93,29.96
30.21,-79.91,30.07
30.21,-79.89,30.02
30.21,-79.87,29.92
30.21,-79.85,29.86
30.21,-79.83,29.77
30.21,-79.81,29.59
30.21,-79.79,29.64
30.21,-79.77,29.54
30.21,-79.75,29.4
30.21,-79.73,29.36
30.21,-79.71,29.6
30.21,-79.69,29.81
30.21,-79.67,29.91
30.21,-79.65,29.94
30.21,-79.63,29.81
30.21,-79.61,29.67
30.21,-79.59,29.52
30.21,-79.57,29.65
30.21,-79.55,29.73
30.21,-79.53,29.66
30.21,-79.51,29.47
30.21,-79.49,29.46
30.21,-79.47,29.55
30.21,-79.45,29.61
30.21,-79.43,29.66
30.21,-79.41,29.57
30.21,-79.39,29.55
30.21,-79.37,29.49
30.21,-79.35,29.55
30.21,-79.33,29.53
30.21,-79.31,29.53
30.21,-79.29,29.42
30.21,-79.27,29.44
30.21,-79.25,29.58
30.21,-79.23,29.62
30.21,-79.21,29.59
30.21,-79.19,29.62
30.21,-79.17,29.5
30.21,-79.15,29.38
30.21,-79.13,29.17
30.21,-79.11,29.13
30.21,-79.09,29.23
30.21,-79.07,29.36
30.21,-79.05,29.35
30.21,-79.03,29.38
30.21,-79.01,29.43
30.21,-78.99,29.48
30.21,-78.97,29.51
30.21,-78.95,29.52
30.21,-78.93,29.42
30.21,-78.91,29.48
30.21,-78.89,29.28
30.21,-78.87,29.38
30.21,-78.85,29.52
30.21,-78.83,29.55
30.21,-78.81,29.55
30.21,-78.79,29.59
30.21,-78.77,29.59
30.21,-78.75,29.58
30.21,-78.73,29.59
30.21,-78.71,29.56
30.21,-78.69,29.55
30.21,-78.67,29.56
30.21,-78.47,29.57
30.21,-78.45,29.59
30.21,-78.05,29.8
30.21,-77.83,29.82
30.19,-81.67,32.07
30.19,-81.65,32.08
30.19,-81.63,32.58
30.19,-81.35,27.21
30.19,-81.33,27.15
30.19,-81.31,27.1
30.19,-81.29,27.08
30.19,-81.27,27.12
30.19,-81.25,27.05
30.19,-81.23,27.12
30.19,-81.21,27.13
30.19,-81.19,27.19
30.19,-81.17,27.29
30.19,-81.15,27.37
30.19,-81.13,27.69
30.19,-81.11,27.77
30.19,-81.09,28.09
30.19,-81.07,28.51
30.19,-81.05,28.62
30.19,-81.03,28.88
30.19,-81.01,29.01
30.19,-80.99,29.04
30.19,-80.97,29.04
30.19,-80.95,29.06
30.19,-80.93,29.09
30.19,-80.91,29.11
30.19,-80.89,29.12
30.19,-80.87,29.17
30.19,-80.85,29.14
30.19,-80.83,29.1
30.19,-80.81,29.02
30.19,-80.79,28.87
30.19,-80.77,28.75
30.19,-80.75,28.75
30.19,-80.73,28.76
30.19,-80.71,28.79
30.19,-80.69,28.85
30.19,-80.67,28.87
30.19,-80.65,28.86
30.19,-80.63,28.84
30.19,-80.61,28.86
30.19,-80.59,28.94
30.19,-80.57,29.11
30.19,-80.55,29.19
30.19,-80.53,29.21
30.19,-80.51,29.38
30.19,-80.49,29.67
30.19,-80.47,29.77
30.19,-80.45,29.98
30.19,-80.43,30.09
30.19,-80.41,30.34
30.19,-80.39,30.38
30.19,-80.37,30.35
30.19,-80.35,30.32
30.19,-80.33,30.44
30.19,-80.31,30.41
30.19,-80.29,30.42
30.19,-80.27,30.41
30.19,-80.25,30.5
30.19,-80.23,30.53
30.19,-80.21,30.45
30.19,-80.19,30.4
30.19,-80.17,30.24
30.19,-80.15,30.53
30.19,-80.13,30.51
30.19,-80.11,30.43
30.19,-80.01,30.24
30.19,-79.99,30.26
30.19,-79.97,29.82
30.19,-79.95,29.93
30.19,-79.93,29.95
30.19,-79.91,29.72
30.19,-79.89,29.69
30.19,-79.87,29.71
30.19,-79.85,29.81
30.19,-79.83,29.67
30.19,-79.81,29.53
30.19,-79.79,29.63
30.19,-79.77,29.48
30.19,-79.71,29.45
30.19,-79.69,29.6
30.19,-79.67,29.9
30.19,-79.65,30.09
30.19,-79.63,29.94
30.19,-79.61,29.71
30.19,-79.59,29.52
30.19,-79.53,29.66
30.19,-79.51,29.6
30.19,-79.49,29.67
30.19,-79.47,29.77
30.19,-79.45,29.76
30.19,-79.43,29.76
30.19,-79.41,29.49
30.19,-79.39,29.44
30.19,-79.37,29.5
30.19,-79.35,29.52
30.19,-79.33,29.43
30.19,-79.31,29.38
30.19,-79.29,29.5
30.19,-79.27,29.47
30.19,-79.25,29.61
30.19,-79.23,29.66
30.19,-79.21,29.64
30.19,-79.19,29.51
30.19,-79.17,29.33
30.19,-79.15,29.25
30.19,-79.13,29.18
30.19,-79.11,29.19
30.19,-79.09,29.18
30.19,-79.07,29.2
30.19,-79.05,29.33
30.19,-79.03,29.35
30.19,-79.01,29.36
30.19,-78.99,29.47
30.19,-78.97,29.53
30.19,-78.95,29.54
30.19,-78.93,29.47
30.19,-78.91,29.49
30.19,-78.89,29.52
30.19,-78.87,29.37
30.19,-78.85,29.36
30.19,-78.83,29.55
30.19,-78.81,29.57
30.19,-78.79,29.59
30.19,-78.77,29.6
30.19,-78.75,29.57
30.19,-78.73,29.59
30.19,-78.71,29.6
30.19,-78.69,29.55
30.19,-78.67,29.53
30.19,-78.65,29.52
30.19,-78.63,29.54
30.19,-78.61,29.55
30.19,-78.59,29.48
30.19,-78.57,29.33
30.19,-78.51,29.5
30.19,-78.49,29.55
30.19,-78.47,29.56
30.19,-78.45,29.52
30.19,-78.43,29.5
30.19,-78.41,29.57
30.19,-78.39,29.56
30.19,-78.37,29.57
30.17,-81.69,32.6
30.17,-81.67,31.98
30.17,-81.65,32.03
30.17,-81.35,27.03
30.17,-81.33,27.09
30.17,-81.31,26.99
30.17,-81.29,27.02
30.17,-81.27,27.04
30.17,-81.25,27.03
30.17,-81.23,27.0
30.17,-81.21,27.02
30.17,-81.19,27.04
30.17,-81.17,27.01
30.17,-81.15,27.25
30.17,-81.13,27.59
30.17,-81.11,27.92
30.17,-81.09,28.36
30.17,-81.07,28.63
30.17,-81.05,28.77
30.17,-81.03,28.82
30.17,-81.01,28.89
30.17,-80.99,29.0
30.17,-80.97,29.05
30.17,-80.95,29.07
30.17,-80.93,29.12
30.17,-80.91,29.12
30.17,-80.89,29.16
30.17,-80.87,29.19
30.17,-80.85,29.12
30.17,-80.83,29.08
30.17,-80.81,28.98
30.17,-80.79,28.88
30.17,-80.77,28.81
30.17,-80.75,28.72
30.17,-80.73,28.72
30.17,-80.71,28.83
30.17,-80.69,28.9
30.17,-80.67,28.92
30.17,-80.65,28.88
30.17,-80.63,28.84
30.17,-80.61,28.83
30.17,-80.59,28.94
30.17,-80.57,29.09
30.17,-80.55,29.18
30.17,-80.53,29.23
30.17,-80.51,29.37
30.17,-80.49,29.64
30.17,-80.47,29.69
30.17,-80.45,29.95
30.17,-80.43,30.18
30.17,-80.41,30.26
30.17,-80.33,30.45
30.17,-80.31,30.24
30.17,-80.29,30.41
30.17,-80.27,30.35
30.17,-80.25,30.43
30.17,-80.23,30.47
30.17,-80.21,30.5
30.17,-80.19,30.44
30.17,-80.17,30.26
30.17,-80.13,30.46
30.17,-80.11,30.42
30.17,-80.09,30.37
30.17,-80.07,30.3
30.17,-80.05,29.98
30.17,-80.03,30.2
30.17,-80.01,30.08
30.17,-79.99,29.87
30.17,-79.97,29.66
30.17,-79.95,29.63
30.17,-79.93,29.53
30.17,-79.91,29.41
30.17,-79.89,29.56
30.17,-79.87,29.53
30.17,-79.85,29.43
30.17,-79.83,29.5
30.17,-79.81,29.57
30.17,-79.79,29.58
30.17,-79.77,29.53
30.17,-79.69,29.41
30.17,-79.67,29.54
30.17,-79.65,29.97
30.17,-79.63,30.0
30.17,-79.61,29.76
30.17,-79.59,29.54
30.17,-79.57,29.57
30.17,-79.55,29.65
30.17,-79.53,29.65
30.17,-79.51,29.63
30.17,-79.49,29.73
30.17,-79.47,29.78
30.17,-79.45,29.78
30.17,-79.43,29.55
30.17,-79.41,29.38
30.17,-79.39,29.46
30.17,-79.37,29.47
30.17,-79.35,29.49
30.17,-79.33,29.38
30.17,-79.31,29.43
30.17,-79.29,29.49
30.17,-79.27,29.54
30.17,-79.25,29.64
30.17,-79.23,29.61
30.17,-79.21,29.57
30.17,-79.19,29.41
30.17,-79.17,29.29
30.17,-79.15,29.3
30.17,-79.13,29.2
30.17,-79.11,29.09
30.17,-79.09,29.15
30.17,-79.07,29.22
30.17,-79.05,29.26
30.17,-79.03,29.27
30.17,-79.01,29.33
30.17,-78.99,29.47
30.17,-78.97,29.53
30.17,-78.95,29.55
30.17,-78.93,29.45
30.17,-78.91,29.58
30.17,-78.89,29.58
30.17,-78.87,29.51
30.17,-78.85,29.18
30.17,-78.83,29.58
30.17,-78.81,29.59
30.17,-78.79,29.54
30.17,-78.77,29.58
30.17,-78.75,29.59
30.17,-78.73,29.58
30.17,-78.71,29.58
30.17,-78.69,29.58
30.17,-78.67,29.55
30.17,-78.65,29.54
30.17,-78.63,29.52
30.17,-78.61,29.53
30.17,-78.59,29.49
30.17,-78.57,29.38
30.17,-78.51,29.47
30.17,-78.49,29.55
30.17,-78.47,29.53
30.17,-78.45,29.51
30.17,-78.43,29.5
30.17,-78.41,29.56
30.17,-78.39,29.57
30.17,-78.37,29.56
30.15,-81.69,33.24
30.15,-81.67,33.26
30.15,-81.35,26.93
30.15,-81.33,26.87
30.15,-81.31,26.94
30.15,-81.29,27.01
30.15,-81.27,27.01
30.15,-81.25,27.03
30.15,-81.23,27.0
30.15,-81.21,27.01
30.15,-81.19,27.01
30.15,-81.17,27.02
30.15,-81.15,27.19
30.15,-81.13,27.53
30.15,-81.11,28.01
30.15,-81.09,28.34
30.15,-81.07,28.6
30.15,-81.05,28.85
30.15,-81.03,28.95
30.15,-81.01,29.0
30.15,-80.99,29.04
30.15,-80.97,29.05
30.15,-80.95,29.12
30.15,-80.93,29.15
30.15,-80.91,29.19
30.15,-80.89,29.21
30.15,-80.87,29.14
30.15,-80.85,29.1
30.15,-80.83,29.07
30.15,-80.81,29.0
30.15,-80.79,28.86
30.15,-80.77,28.82
30.15,-80.75,28.74
30.15,-80.73,28.79
30.15,-80.71,28.92
30.15,-80.69,28.95
30.15,-80.67,28.95
30.15,-80.65,28.88
30.15,-80.63,28.83
30.15,-80.61,28.8
30.15,-80.59,28.89
30.15,-80.57,29.07
30.15,-80.55,29.18
30.15,-80.53,29.2
30.15,-80.51,29.38
30.15,-80.49,29.52
30.15,-80.47,29.42
30.15,-80.45,29.82
30.15,-80.43,30.07
30.15,-80.41,30.21
30.15,-80.37,30.28
30.15,-80.35,30.29
30.15,-80.33,30.26
30.15,-80.31,30.22
30.15,-80.29,30.38
30.15,-80.27,30.37
30.15,-80.25,30.48
30.15,-80.23,30.4
30.15,-80.21,30.48
30.15,-80.17,30.23
30.15,-80.15,30.46
30.15,-80.13,30.43
30.15,-80.11,30.31
30.15,-80.07,29.92
30.15,-80.05,29.87
30.15,-80.03,29.87
30.15,-80.01,29.86
30.15,-79.99,29.74
30.15,-79.97,29.54
30.15,-79.95,29.57
30.15,-79.93,29.52
30.15,-79.91,29.45
30.15,-79.89,29.6
30.15,-79.87,29.52
30.15,-79.85,29.59
30.15,-79.83,29.7
30.15,-79.81,29.64
30.15,-79.67,29.47
30.15,-79.65,29.72
30.15,-79.63,29.89
30.15,-79.61,29.82
30.15,-79.59,29.86
30.15,-79.57,29.61
30.15,-79.55,29.79
30.15,-79.53,29.68
30.15,-79.51,29.78
30.15,-79.49,29.92
30.15,-79.47,29.79
30.15,-79.45,29.59
30.15,-79.43,29.43
30.15,-79.41,29.35
30.15,-79.39,29.4
30.15,-79.37,29.41
30.15,-79.35,29.55
30.15,-79.33,29.55
30.15,-79.31,29.48
30.15,-79.29,29.49
30.15,-79.27,29.59
30.15,-79.25,29.66
30.15,-79.23,29.64
30.15,-79.21,29.54
30.15,-79.19,29.47
30.15,-79.17,29.31
30.15,-79.15,29.33
30.15,-79.13,29.39
30.15,-79.11,29.18
30.15,-79.09,29.15
30.15,-79.07,29.22
30.15,-79.05,29.28
30.15,-79.03,29.28
30.15,-79.01,29.35
30.15,-78.99,29.45
30.15,-78.97,29.56
30.15,-78.95,29.58
30.15,-78.93,29.55
30.15,-78.91,29.54
30.15,-78.89,29.6
30.15,-78.87,29.65
30.15,-78.83,29.52
30.15,-78.81,29.59
30.15,-78.79,29.58
30.15,-78.77,29.58
30.15,-78.75,29.62
30.15,-78.73,29.59
30.15,-78.71,29.56
30.15,-78.69,29.55
30.15,-78.67,29.54
30.15,-78.65,29.52
30.15,-78.63,29.52
30.15,-78.61,29.49
30.15,-78.59,29.4
30.15,-78.57,29.35
30.15,-78.51,29.54
30.15,-78.49,29.52
30.15,-78.47,29.5
30.15,-78.45,29.51
30.15,-78.43,29.53
30.15,-78.41,29.56
30.15,-78.39,29.54
30.13,-81.67,33.35
30.13,-81.65,33.46
30.13,-81.63,33.54
30.13,-81.33,26.94
30.13,-81.31,27.01
30.13,-81.29,26.99
30.13,-81.27,27.03
30.13,-81.25,27.04
30.13,-81.23,27.05
30.13,-81.21,27.04
30.13,-81.19,27.05
30.13,-81.17,27.06
30.13,-81.15,27.13
30.13,-81.13,27.4
30.13,-81.11,28.03
30.13,-81.09,28.27
30.13,-81.07,28.53
30.13,-81.05,28.95
30.13,-81.03,29.17
30.13,-81.01,29.16
30.13,-80.99,29.12
30.13,-80.97,29.12
30.13,-80.95,29.16
30.13,-80.93,29.2
30.13,-80.91,29.21
30.13,-80.89,29.16
30.13,-80.87,29.1
30.13,-80.85,29.11
30.13,-80.83,29.05
30.13,-80.81,28.96
30.13,-80.79,28.83
30.13,-80.77,28.82
30.13,-80.75,28.78
30.13,-80.73,28.9
30.13,-80.71,28.91
30.13,-80.69,28.95
30.13,-80.67,28.93
30.13,-80.65,28.9
30.13,-80.63,28.85
30.13,-80.61,28.82
30.13,-80.59,28.92
30.13,-80.57,29.04
30.13,-80.55,29.08
30.13,-80.53,29.14
30.13,-80.51,29.24
30.13,-80.49,29.41
30.13,-80.47,29.4
30.13,-80.45,29.78
30.13,-80.43,30.03
30.13,-80.41,30.03
30.13,-80.39,30.06
30.13,-80.37,30.24
30.13,-80.35,30.26
30.13,-80.31,30.19
30.13,-80.29,30.37
30.13,-80.27,30.54
30.13,-80.25,30.55
30.13,-80.23,30.51
30.13,-80.19,30.24
30.13,-80.17,30.28
30.13,-80.15,30.34
30.13,-80.13,30.12
30.13,-80.11,30.15
30.13,-80.09,29.78
30.13,-80.07,29.84
30.13,-80.05,29.9
30.13,-80.03,29.78
30.13,-80.01,29.59
30.13,-79.99,29.63
30.13,-79.91,29.47
30.13,-79.89,29.55
30.13,-79.87,29.54
30.13,-79.85,29.64
30.13,-79.83,29.68
30.13,-79.81,29.62
30.13,-79.63,29.66
30.13,-79.61,29.79
30.13,-79.59,30.0
30.13,-79.57,29.99
30.13,-79.55,29.94
30.13,-79.53,29.81
30.13,-79.51,29.75
30.13,-79.49,29.75
30.13,-79.47,29.69
30.13,-79.45,29.58
30.13,-79.43,29.4
30.13,-79.41,29.32
30.13,-79.39,29.35
30.13,-79.37,29.37
30.13,-79.35,29.49
30.13,-79.33,29.6
30.13,-79.31,29.57
30.13,-79.29,29.52
30.13,-79.27,29.61
30.13,-79.25,29.66
30.13,-79.23,29.66
30.13,-79.21,29.55
30.13,-79.19,29.52
30.13,-79.17,29.45
30.13,-79.15,29.34
30.13,-79.13,29.27
30.13,-79.11,29.21
30.13,-79.09,29.17
30.13,-79.07,29.18
30.13,-79.05,29.22
30.13,-79.03,29.32
30.13,-79.01,29.37
30.13,-78.99,29.46
30.13,-78.97,29.5
30.13,-78.95,29.55
30.13,-78.93,29.58
30.13,-78.91,29.55
30.13,-78.89,29.6
30.13,-78.87,29.64
30.13,-78.81,29.53
30.13,-78.79,29.53
30.13,-78.77,29.6
30.13,-78.75,29.61
30.13,-78.73,29.59
30.13,-78.71,29.54
30.13,-78.69,29.51
30.13,-78.67,29.51
30.13,-78.65,29.49
30.13,-78.63,29.51
30.13,-78.61,29.47
30.13,-78.59,29.36
30.13,-78.57,29.29
30.13,-78.55,29.47
30.13,-78.53,29.53
30.13,-78.51,29.55
30.13,-78.49,29.48
30.13,-78.47,29.5
30.13,-78.45,29.51
30.13,-78.43,29.52
30.13,-78.41,29.55
30.13,-78.35,29.61
30.13,-78.31,29.52
30.13,-78.29,29.61
30.13,-78.27,29.56
30.11,-81.67,33.32
30.11,-81.65,33.56
30.11,-81.33,26.83
30.11,-81.31,26.94
30.11,-81.29,26.87
30.11,-81.27,27.01
30.11,-81.25,27.07
30.11,-81.23,27.11
30.11,-81.21,27.12
30.11,-81.19,27.18
30.11,-81.17,27.2
30.11,-81.15,27.29
30.11,-81.13,27.42
30.11,-81.11,27.76
30.11,-81.09,28.28
30.11,-81.07,28.8
30.11,-81.05,29.04
30.11,-81.03,29.26
30.11,-81.01,29.26
30.11,-80.99,29.21
30.11,-80.97,29.18
30.11,-80.95,29.12
30.11,-80.93,29.2
30.11,-80.91,29.19
30.11,-80.89,29.12
30.11,-80.87,29.12
30.11,-80.85,29.07
30.11,-80.83,29.0
30.11,-80.81,28.97
30.11,-80.79,28.93
30.11,-80.77,28.84
30.11,-80.75,28.83
30.11,-80.73,28.87
30.11,-80.71,28.92
30.11,-80.69,28.98
30.11,-80.67,28.91
30.11,-80.65,28.86
30.11,-80.63,28.85
30.11,-80.61,28.82
30.11,-80.59,28.87
30.11,-80.57,28.97
30.11,-80.55,29.04
30.11,-80.53,29.07
30.11,-80.51,29.16
30.11,-80.49,29.41
30.11,-80.47,29.4
30.11,-80.45,29.65
30.11,-80.41,30.03
30.11,-80.39,30.08
30.11,-80.35,30.18
30.11,-80.33,30.33
30.11,-80.31,30.31
30.11,-80.29,30.27
30.11,-80.27,30.29
30.11,-80.25,30.25
30.11,-80.23,30.17
30.11,-80.21,30.18
30.11,-80.19,30.35
30.11,-80.17,30.11
30.11,-80.15,30.12
30.11,-80.13,29.9
30.11,-80.11,29.89
30.11,-80.09,29.72
30.11,-80.07,29.74
30.11,-80.05,29.65
30.11,-80.03,29.45
30.11,-79.89,29.63
30.11,-79.87,29.68
30.11,-79.85,29.7
30.11,-79.83,29.56
30.11,-79.63,29.65
30.11,-79.61,29.81
30.11,-79.59,30.08
30.11,-79.57,29.95
30.11,-79.55,29.98
30.11,-79.53,29.89
30.11,-79.51,29.69
30.11,-79.49,29.7
30.11,-79.47,29.57
30.11,-79.45,29.4
30.11,-79.43,29.39
30.11,-79.41,29.33
30.11,-79.39,29.3
30.11,-79.37,29.28
30.11,-79.35,29.23
30.11,-79.33,29.48
30.11,-79.31,29.56
30.11,-79.29,29.6
30.11,-79.27,29.67
30.11,-79.25,29.65
30.11,-79.23,29.65
30.11,-79.21,29.63
30.11,-79.19,29.58
30.11,-79.17,29.5
30.11,-79.15,29.35
30.11,-79.13,29.28
30.11,-79.11,29.26
30.11,-79.09,29.24
30.11,-79.07,29.14
30.11,-79.05,29.21
30.11,-79.03,29.29
30.11,-79.01,29.31
30.11,-78.99,29.4
30.11,-78.97,29.5
30.11,-78.95,29.51
30.11,-78.93,29.57
30.11,-78.91,29.6
30.11,-78.89,29.63
30.11,-78.87,29.66
30.11,-78.85,29.63
30.11,-78.81,29.52
30.11,-78.79,29.58
30.11,-78.77,29.57
30.11,-78.75,29.55
30.11,-78.73,29.53
30.11,-78.71,29.53
30.11,-78.69,29.51
30.11,-78.67,29.5
30.11,-78.65,29.46
30.11,-78.63,29.44
30.11,-78.61,29.43
30.11,-78.59,29.35
30.11,-78.57,29.36
30.11,-78.55,29.44
30.11,-78.53,29.49
30.11,-78.51,29.53
30.11,-78.49,29.53
30.11,-78.47,29.56
30.11,-78.45,29.58
30.11,-78.43,29.62
30.11,-78.41,29.63
30.11,-78.39,29.61
30.11,-78.37,29.62
30.11,-78.35,29.61
30.11,-78.33,29.62
30.11,-78.31,29.53
30.11,-78.29,29.59
30.11,-78.27,29.6
30.11,-78.25,29.74
30.11,-78.23,29.68
30.11,-78.21,29.67
30.09,-81.69,31.99
30.09,-81.67,32.05
30.09,-81.65,32.25
30.09,-81.33,26.81
30.09,-81.31,26.64
30.09,-81.29,26.87
30.09,-81.27,26.9
30.09,-81.25,26.96
30.09,-81.23,27.14
30.09,-81.21,27.19
30.09,-81.19,27.22
30.09,-81.17,27.26
30.09,-81.15,27.38
30.09,-81.13,27.67
30.09,-81.11,28.1
30.09,-81.09,28.49
30.09,-81.07,28.76
30.09,-81.05,29.1
30.09,-81.03,29.24
30.09,-81.01,29.27
30.09,-80.99,29.23
30.09,-80.97,29.17
30.09,-80.95,29.19
30.09,-80.93,29.17
30.09,-80.91,29.12
30.09,-80.89,29.06
30.09,-80.87,29.08
30.09,-80.85,29.07
30.09,-80.83,29.07
30.09,-80.81,28.99
30.09,-80.79,28.88
30.09,-80.77,28.85
30.09,-80.75,28.86
30.09,-80.73,28.89
30.09,-80.71,28.96
30.09,-80.69,28.93
30.09,-80.67,28.88
30.09,-80.65,28.85
30.09,-80.63,28.8
30.09,-80.61,28.76
30.09,-80.59,28.83
30.09,-80.57,28.98
30.09,-80.55,28.99
30.09,-80.53,29.1
30.09,-80.45,29.86
30.09,-80.43,29.88
30.09,-80.35,30.4
30.09,-80.33,30.41
30.09,-80.31,30.27
30.09,-80.29,30.32
30.09,-80.27,30.35
30.09,-80.25,30.39
30.09,-80.23,30.2
30.09,-80.21,30.31
30.09,-80.19,30.4
30.09,-80.17,30.06
30.09,-80.15,30.1
30.09,-80.13,29.96
30.09,-80.11,29.95
30.09,-80.09,29.83
30.09,-80.07,29.65
30.09,-80.05,29.55
30.09,-79.87,29.82
30.09,-79.85,29.87
30.09,-79.83,29.62
30.09,-79.79,29.49
30.09,-79.61,29.67
30.09,-79.59,29.81
30.09,-79.57,29.91
30.09,-79.55,29.91
30.09,-79.53,29.75
30.09,-79.51,29.6
30.09,-79.49,29.65
30.09,-79.47,29.55
30.09,-79.45,29.52
30.09,-79.43,29.52
30.09,-79.41,29.35
30.09,-79.39,29.34
30.09,-79.37,29.28
30.09,-79.35,29.26
30.09,-79.33,29.41
30.09,-79.31,29.56
30.09,-79.29,29.65
30.09,-79.27,29.66
30.09,-79.25,29.6
30.09,-79.23,29.6
30.09,-79.21,29.62
30.09,-79.19,29.58
30.09,-79.17,29.47
30.09,-79.15,29.38
30.09,-79.13,29.31
30.09,-79.11,29.31
30.09,-79.09,29.31
30.09,-79.07,29.29
30.09,-79.05,29.34
30.09,-79.03,29.37
30.09,-79.01,29.39
30.09,-78.99,29.36
30.09,-78.97,29.47
30.09,-78.95,29.51
30.09,-78.93,29.57
30.09,-78.91,29.58
30.09,-78.89,29.6
30.09,-78.87,29.6
30.09,-78.85,29.56
30.09,-78.83,29.56
30.09,-78.81,29.58
30.09,-78.79,29.56
30.09,-78.77,29.43
30.09,-78.75,29.51
30.09,-78.73,29.52
30.09,-78.71,29.52
30.09,-78.69,29.51
30.09,-78.67,29.5
30.09,-78.65,29.44
30.09,-78.63,29.42
30.09,-78.61,29.43
30.09,-78.59,29.4
30.09,-78.57,29.4
30.09,-78.55,29.47
30.09,-78.53,29.55
30.09,-78.51,29.56
30.09,-78.49,29.56
30.09,-78.47,29.61
30.09,-78.45,29.61
30.09,-78.43,29.67
30.09,-78.41,29.62
30.09,-78.39,29.61
30.09,-78.37,29.65
30.09,-78.35,29.63
30.09,-78.31,29.73
30.09,-78.29,29.76
30.09,-78.27,29.7
30.09,-78.25,29.68
30.09,-78.23,29.68
30.07,-81.33,26.81
30.07,-81.31,26.76
30.07,-81.29,26.86
30.07,-81.27,26.8
30.07,-81.25,26.68
30.07,-81.23,27.16
30.07,-81.21,27.25
30.07,-81.19,27.27
30.07,-81.17,27.31
30.07,-81.15,27.46
30.07,-81.13,28.1
30.07,-81.11,28.51
30.07,-81.09,28.72
30.07,-81.07,28.86
30.07,-81.05,29.06
30.07,-81.03,29.16
30.07,-81.01,29.22
30.07,-80.99,29.24
30.07,-80.97,29.23
30.07,-80.95,29.16
30.07,-80.93,29.12
30.07,-80.91,29.11
30.07,-80.89,29.07
30.07,-80.87,29.09
30.07,-80.85,29.09
30.07,-80.83,29.05
30.07,-80.81,28.96
30.07,-80.79,28.9
30.07,-80.77,28.87
30.07,-80.75,28.89
30.07,-80.73,28.9
30.07,-80.71,28.94
30.07,-80.69,28.91
30.07,-80.67,28.9
30.07,-80.65,28.84
30.07,-80.63,28.72
30.07,-80.61,28.57
30.07,-80.59,28.72
30.07,-80.57,28.77
30.07,-80.55,28.96
30.07,-80.51,29.3
30.07,-80.49,29.16
30.07,-80.47,29.23
30.07,-80.45,29.65
30.07,-80.37,30.38
30.07,-80.35,30.38
30.07,-80.33,30.4
30.07,-80.31,30.34
30.07,-80.29,30.27
30.07,-80.27,30.44
30.07,-80.25,30.57
30.07,-80.23,30.26
30.07,-80.21,30.23
30.07,-80.19,30.09
30.07,-80.17,29.64
30.07,-80.15,29.99
30.07,-80.13,29.84
30.07,-80.11,29.86
30.07,-79.97,29.63
30.07,-79.93,29.59
30.07,-79.87,29.91
30.07,-79.85,29.92
30.07,-79.83,29.74
30.07,-79.59,29.81
30.07,-79.57,29.79
30.07,-79.55,29.9
30.07,-79.53,29.75
30.07,-79.51,29.7
30.07,-79.49,29.62
30.07,-79.47,29.56
30.07,-79.45,29.5
30.07,-79.43,29.52
30.07,-79.41,29.4
30.07,-79.39,29.32
30.07,-79.37,29.15
30.07,-79.35,29.27
30.07,-79.33,29.45
30.07,-79.31,29.62
30.07,-79.29,29.66
30.07,-79.27,29.64
30.07,-79.25,29.61
30.07,-79.23,29.59
30.07,-79.21,29.57
30.07,-79.19,29.53
30.07,-79.17,29.45
30.07,-79.15,29.39
30.07,-79.13,29.31
30.07,-79.11,29.29
30.07,-79.09,29.33
30.07,-79.07,29.41
30.07,-79.05,29.46
30.07,-79.03,29.45
30.07,-79.01,29.55
30.07,-78.99,29.49
30.07,-78.97,29.49
30.07,-78.95,29.58
30.07,-78.93,29.6
30.07,-78.91,29.62
30.07,-78.89,29.66
30.07,-78.87,29.61
30.07,-78.85,29.57
30.07,-78.83,29.55
30.07,-78.81,29.56
30.07,-78.79,29.54
30.07,-78.77,29.41
30.07,-78.75,29.55
30.07,-78.73,29.55
30.07,-78.71,29.53
30.07,-78.69,29.51
30.07,-78.67,29.51
30.07,-78.65,29.49
30.07,-78.63,29.41
30.07,-78.61,29.42
30.07,-78.59,29.44
30.07,-78.57,29.4
30.07,-78.55,29.45
30.07,-78.53,29.59
30.07,-78.51,29.61
30.07,-78.49,29.64
30.07,-78.47,29.69
30.07,-78.45,29.63
30.07,-78.43,29.67
30.07,-78.41,29.63
30.07,-78.39,29.63
30.07,-78.37,29.66
30.07,-78.31,29.77
30.07,-78.29,29.71
30.07,-78.27,29.77
30.07,-78.25,29.75
30.07,-78.23,29.68
30.05,-81.71,31.7
30.05,-81.69,31.66
30.05,-81.67,31.7
30.05,-81.31,26.85
30.05,-81.29,26.67
30.05,-81.27,26.58
30.05,-81.25,26.98
30.05,-81.23,27.19
30.05,-81.21,27.22
30.05,-81.19,27.28
30.05,-81.17,27.26
30.05,-81.15,27.72
30.05,-81.13,28.36
30.05,-81.11,28.79
30.05,-81.09,28.85
30.05,-81.07,28.93
30.05,-81.05,29.07
30.05,-81.03,29.14
30.05,-81.01,29.24
30.05,-80.99,29.24
30.05,-80.97,29.22
30.05,-80.95,29.16
30.05,-80.93,29.08
30.05,-80.91,29.06
30.05,-80.89,29.11
30.05,-80.87,29.14
30.05,-80.85,29.02
30.05,-80.83,29.01
30.05,-80.81,28.99
30.05,-80.79,28.97
30.05,-80.77,28.94
30.05,-80.75,28.88
30.05,-80.73,28.87
30.05,-80.71,28.94
30.05,-80.69,28.88
30.05,-80.67,28.73
30.05,-80.65,28.71
30.05,-80.63,28.67
30.05,-80.61,28.58
30.05,-80.59,28.66
30.05,-80.57,28.94
30.05,-80.55,29.03
30.05,-80.53,29.09
30.05,-80.51,29.26
30.05,-80.47,29.26
30.05,-80.45,29.59
30.05,-80.41,30.04
30.05,-80.39,30.05
30.05,-80.37,30.15
30.05,-80.35,29.8
30.05,-80.33,29.72
30.05,-80.29,30.06
30.05,-80.23,30.25
30.05,-80.21,30.22
30.05,-80.19,29.97
30.05,-80.17,29.6
30.05,-80.15,29.64
30.05,-80.13,29.72
30.05,-80.01,29.47
30.05,-79.99,29.57
30.05,-79.97,29.77
30.05,-79.95,29.73
30.05,-79.93,29.6
30.05,-79.91,29.58
30.05,-79.87,29.83
30.05,-79.85,29.89
30.05,-79.83,29.72
30.05,-79.57,29.62
30.05,-79.55,29.59
30.05,-79.53,29.57
30.05,-79.51,29.66
30.05,-79.49,29.66
30.05,-79.47,29.6
30.05,-79.45,29.51
30.05,-79.43,29.49
30.05,-79.41,29.44
30.05,-79.39,29.39
30.05,-79.37,29.35
30.05,-79.35,29.39
30.05,-79.33,29.51
30.05,-79.31,29.62
30.05,-79.29,29.69
30.05,-79.27,29.64
30.05,-79.25,29.62
30.05,-79.23,29.56
30.05,-79.21,29.56
30.05,-79.19,29.56
30.05,-79.17,29.51
30.05,-79.15,29.44
30.05,-79.13,29.34
30.05,-79.11,29.23
30.05,-79.09,29.3
30.05,-79.07,29.51
30.05,-79.05,29.52
30.05,-79.03,29.56
30.05,-79.01,29.58
30.05,-78.99,29.61
30.05,-78.97,29.61
30.05,-78.95,29.65
30.05,-78.93,29.63
30.05,-78.91,29.66
30.05,-78.89,29.63
30.05,-78.87,29.57
30.05,-78.85,29.54
30.05,-78.83,29.5
30.05,-78.81,29.51
30.05,-78.79,29.5
30.05,-78.77,29.52
30.05,-78.75,29.59
30.05,-78.73,29.57
30.05,-78.71,29.51
30.05,-78.69,29.51
30.05,-78.67,29.52
30.05,-78.65,29.51
30.05,-78.63,29.52
30.05,-78.61,29.43
30.05,-78.59,29.43
30.05,-78.57,29.4
30.05,-78.55,29.46
30.05,-78.53,29.54
30.05,-78.51,29.67
30.05,-78.49,29.69
30.05,-78.47,29.66
30.05,-78.45,29.64
30.05,-78.43,29.66
30.05,-78.41,29.62
30.05,-78.31,29.58
30.05,-78.29,29.58
30.05,-78.27,29.61
30.05,-78.25,29.65
30.05,-78.23,29.67
30.03,-81.69,31.47
30.03,-81.31,27.03
30.03,-81.29,27.04
30.03,-81.27,27.05
30.03,-81.25,27.11
30.03,-81.23,27.15
30.03,-81.21,27.22
30.03,-81.19,27.28
30.03,-81.17,27.28
30.03,-81.15,27.64
30.03,-81.13,28.14
30.03,-81.11,28.78
30.03,-81.09,28.87
30.03,-81.07,29.02
30.03,-81.05,29.08
30.03,-81.03,29.21
30.03,-81.01,29.28
30.03,-80.99,29.27
30.03,-80.97,29.23
30.03,-80.95,29.16
30.03,-80.93,29.1
30.03,-80.91,29.12
30.03,-80.89,29.14
30.03,-80.87,29.02
30.03,-80.85,29.0
30.03,-80.83,29.04
30.03,-80.81,29.1
30.03,-80.79,28.99
30.03,-80.77,28.94
30.03,-80.75,28.9
30.03,-80.73,28.92
30.03,-80.71,28.86
30.03,-80.69,28.75
30.03,-80.67,28.71
30.03,-80.65,28.58
30.03,-80.61,28.62
30.03,-80.59,28.84
30.03,-80.57,28.86
30.03,-80.55,29.1
30.03,-80.53,29.09
30.03,-80.47,29.18
30.03,-80.45,29.19
30.03,-80.43,29.96
30.03,-80.41,30.19
30.03,-80.39,30.2
30.03,-80.37,30.15
30.03,-80.35,29.88
30.03,-80.33,29.67
30.03,-80.31,29.03
30.03,-80.17,29.63
30.03,-80.15,29.63
30.03,-80.13,29.57
30.03,-80.11,29.46
30.03,-80.09,29.47
30.03,-80.07,29.46
30.03,-79.97,29.62
30.03,-79.95,29.61
30.03,-79.93,29.57
30.03,-79.55,29.57
30.03,-79.53,29.59
30.03,-79.51,29.72
30.03,-79.49,29.8
30.03,-79.47,29.81
30.03,-79.45,29.76
30.03,-79.43,29.51
30.03,-79.41,29.4
30.03,-79.39,29.55
30.03,-79.37,29.56
30.03,-79.35,29.53
30.03,-79.33,29.54
30.03,-79.31,29.59
30.03,-79.29,29.63
30.03,-79.27,29.66
30.03,-79.25,29.64
30.03,-79.23,29.59
30.03,-79.21,29.62
30.03,-79.19,29.59
30.03,-79.17,29.53
30.03,-79.15,29.41
30.03,-79.13,29.32
30.03,-79.11,29.28
30.03,-79.09,29.34
30.03,-79.07,29.56
30.03,-79.05,29.61
30.03,-79.03,29.61
30.03,-79.01,29.63
30.03,-78.99,29.69
30.03,-78.97,29.68
30.03,-78.95,29.7
30.03,-78.93,29.71
30.03,-78.91,29.67
30.03,-78.89,29.62
30.03,-78.87,29.53
30.03,-78.85,29.54
30.03,-78.83,29.51
30.03,-78.81,29.51
30.03,-78.79,29.48
30.03,-78.77,29.5
30.03,-78.75,29.49
30.03,-78.73,29.48
30.03,-78.71,29.46
30.03,-78.69,29.5
30.03,-78.67,29.52
30.03,-78.65,29.49
30.03,-78.63,29.44
30.03,-78.61,29.42
30.03,-78.59,29.41
30.03,-78.57,29.44
30.03,-78.55,29.48
30.03,-78.53,29.55
30.03,-78.51,29.61
30.03,-78.49,29.62
30.03,-78.47,29.61
30.03,-78.45,29.6
30.03,-78.43,29.59
30.03,-78.41,29.58
30.03,-78.39,29.56
30.03,-78.37,29.56
30.03,-78.35,29.55
30.01,-81.31,27.07
30.01,-81.29,27.22
30.01,-81.27,27.09
30.01,-81.25,27.16
30.01,-81.23,27.17
30.01,-81.21,27.23
30.01,-81.19,27.25
30.01,-81.17,27.3
30.01,-81.15,27.59
30.01,-81.13,28.14
30.01,-81.11,28.54
30.01,-81.09,28.84
30.01,-81.07,29.01
30.01,-81.05,28.98
30.01,-81.03,29.21
30.01,-81.01,29.31
30.01,-80.99,29.33
30.01,-80.97,29.26
30.01,-80.95,29.19
30.01,-80.93,29.16
30.01,-80.91,29.19
30.01,-80.89,29.12
30.01,-80.87,29.05
30.01,-80.85,29.08
30.01,-80.83,29.16
30.01,-80.81,29.09
30.01,-80.79,29.01
30.01,-80.77,28.96
30.01,-80.75,28.93
30.01,-80.73,28.9
30.01,-80.71,28.8
30.01,-80.69,28.76
30.01,-80.67,28.71
30.01,-80.61,28.66
30.01,-80.59,28.62
30.01,-80.57,28.79
30.01,-80.47,29.02
30.01,-80.43,29.91
30.01,-80.41,30.19
30.01,-80.39,30.13
30.01,-80.37,29.91
30.01,-80.35,29.78
30.01,-80.33,29.69
30.01,-80.31,29.28
30.01,-80.13,29.54
30.01,-80.11,29.47
30.01,-80.09,29.56
30.01,-80.07,29.56
30.01,-79.97,29.68
30.01,-79.95,29.65
30.01,-79.93,29.57
30.01,-79.55,29.69
30.01,-79.53,29.79
30.01,-79.51,29.85
30.01,-79.49,29.83
30.01,-79.47,29.87
30.01,-79.45,29.78
30.01,-79.43,29.62
30.01,-79.41,29.54
30.01,-79.39,29.65
30.01,-79.37,29.69
30.01,-79.35,29.62
30.01,-79.33,29.5
30.01,-79.31,29.53
30.01,-79.29,29.65
30.01,-79.27,29.69
30.01,-79.25,29.68
30.01,-79.23,29.68
30.01,-79.21,29.67
30.01,-79.19,29.6
30.01,-79.17,29.51
30.01,-79.15,29.45
30.01,-79.13,29.35
30.01,-79.11,29.31
30.01,-79.09,29.32
30.01,-79.07,29.44
30.01,-79.05,29.58
30.01,-79.03,29.66
30.01,-79.01,29.69
30.01,-78.99,29.73
30.01,-78.97,29.7
30.01,-78.95,29.71
30.01,-78.93,29.7
30.01,-78.91,29.73
30.01,-78.89,29.74
30.01,-78.87,29.61
30.01,-78.85,29.56
30.01,-78.83,29.52
30.01,-78.81,29.51
30.01,-78.79,29.48
30.01,-78.77,29.45
30.01,-78.75,29.45
30.01,-78.73,29.45
30.01,-78.71,29.51
30.01,-78.69,29.54
30.01,-78.67,29.57
30.01,-78.65,29.51
30.01,-78.63,29.43
30.01,-78.61,29.37
30.01,-78.59,29.4
30.01,-78.57,29.46
30.01,-78.55,29.48
30.01,-78.53,29.58
30.01,-78.51,29.56
30.01,-78.49,29.58
30.01,-78.47,29.58
30.01,-78.45,29.56
30.01,-78.43,29.57
30.01,-78.41,29.57
30.01,-78.39,29.57
30.01,-78.37,29.56
30.01,-78.35,29.55
30.01,-78.33,29.54
30.01,-78.23,29.53
29.99,-81.31,27.24
29.99,-81.29,27.21
29.99,-81.27,27.03
29.99,-81.25,27.28
29.99,-81.23,27.25
29.99,-81.21,27.17
29.99,-81.19,27.21
29.99,-81.17,27.57
29.99,-81.15,27.73
29.99,-81.13,27.98
29.99,-81.11,28.27
29.99,-81.09,28.45
29.99,-81.07,28.94
29.99,-81.05,29.07
29.99,-81.03,29.27
29.99,-81.01,29.33
29.99,-80.99,29.33
29.99,-80.97,29.3
29.99,-80.95,29.3
29.99,-80.93,29.23
29.99,-80.91,29.19
29.99,-80.89,29.19
29.99,-80.87,29.19
29.99,-80.85,29.17
29.99,-80.83,29.15
29.99,-80.81,29.09
29.99,-80.79,29.07
29.99,-80.77,28.98
29.99,-80.75,28.95
29.99,-80.73,28.84
29.99,-80.71,28.81
29.99,-80.69,28.81
29.99,-80.67,28.74
29.99,-80.65,28.69
29.99,-80.63,28.67
29.99,-80.61,28.69
29.99,-80.59,28.62
29.99,-80.57,28.61
29.99,-80.51,28.92
29.99,-80.49,29.01
29.99,-80.47,28.99
29.99,-80.45,29.6
29.99,-80.43,29.86
29.99,-80.41,30.04
29.99,-80.39,29.87
29.99,-80.37,29.35
29.99,-80.35,29.35
29.99,-80.33,29.35
29.99,-80.31,29.32
29.99,-80.09,29.56
29.99,-80.07,29.55
29.99,-79.97,29.8
29.99,-79.95,29.6
29.99,-79.93,29.58
29.99,-79.91,29.54
29.99,-79.57,29.64
29.99,-79.55,29.67
29.99,-79.53,29.95
29.99,-79.51,29.99
29.99,-79.49,29.98
29.99,-79.47,29.89
29.99,-79.45,29.81
29.99,-79.43,29.73
29.99,-79.41,29.67
29.99,-79.39,29.71
29.99,-79.37,29.72
29.99,-79.35,29.68
29.99,-79.33,29.54
29.99,-79.31,29.58
29.99,-79.29,29.58
29.99,-79.27,29.67
29.99,-79.25,29.77
29.99,-79.23,29.77
29.99,-79.21,29.73
29.99,-79.19,29.63
29.99,-79.17,29.54
29.99,-79.15,29.47
29.99,-79.13,29.43
29.99,-79.11,29.41
29.99,-79.09,29.3
29.99,-79.07,29.44
29.99,-79.05,29.59
29.99,-79.03,29.7
29.99,-79.01,29.7
29.99,-78.99,29.67
29.99,-78.97,29.66
29.99,-78.95,29.68
29.99,-78.93,29.68
29.99,-78.91,29.7
29.99,-78.89,29.69
29.99,-78.87,29.63
29.99,-78.85,29.56
29.99,-78.83,29.51
29.99,-78.81,29.5
29.99,-78.79,29.5
29.99,-78.77,29.47
29.99,-78.75,29.47
29.99,-78.73,29.52
29.99,-78.71,29.55
29.99,-78.69,29.59
29.99,-78.67,29.59
29.99,-78.65,29.52
29.99,-78.63,29.44
29.99,-78.61,29.41
29.99,-78.59,29.42
29.99,-78.57,29.48
29.99,-78.55,29.49
29.99,-78.53,29.51
29.99,-78.51,29.5
29.99,-78.49,29.52
29.99,-78.47,29.55
29.99,-78.45,29.57
29.99,-78.43,29.55
29.99,-78.41,29.53
29.99,-78.39,29.54
29.99,-78.37,29.54
29.99,-78.35,29.51
29.99,-78.33,29.49
29.99,-78.27,29.43
29.99,-78.25,29.48
29.99,-76.99,29.56
29.97,-81.29,27.22
29.97,-81.27,26.99
29.97,-81.25,27.29
29.97,-81.23,27.22
29.97,-81.21,27.25
29.97,-81.19,27.35
29.97,-81.17,27.58
29.97,-81.15,27.68
29.97,-81.13,27.94
29.97,-81.11,28.08
29.97,-81.09,28.38
29.97,-81.07,28.83
29.97,-81.05,29.09
29.97,-81.03,29.27
29.97,-81.01,29.38
29.97,-80.99,29.35
29.97,-80.97,29.34
29.97,-80.95,29.33
29.97,-80.93,29.36
29.97,-80.91,29.3
29.97,-80.89,29.27
29.97,-80.87,29.25
29.97,-80.85,29.19
29.97,-80.83,29.13
29.97,-80.81,29.12
29.97,-80.79,29.12
29.97,-80.77,29.05
29.97,-80.75,28.95
29.97,-80.73,28.9
29.97,-80.71,28.89
29.97,-80.69,28.73
29.97,-80.67,28.75
29.97,-80.65,28.77
29.97,-80.63,28.77
29.97,-80.61,28.71
29.97,-80.59,28.44
29.97,-80.57,28.6
29.97,-80.55,28.64
29.97,-80.53,28.87
29.97,-80.51,28.95
29.97,-80.49,29.07
29.97,-80.47,28.94
29.97,-80.43,29.95
29.97,-80.41,29.97
29.97,-80.39,29.92
29.97,-80.37,29.81
29.97,-80.31,29.42
29.97,-80.29,29.4
29.97,-80.27,29.42
29.97,-80.21,30.37
29.97,-80.15,29.92
29.97,-79.97,29.93
29.97,-79.95,29.67
29.97,-79.93,29.61
29.97,-79.57,29.61
29.97,-79.55,29.65
29.97,-79.53,29.72
29.97,-79.51,29.81
29.97,-79.49,29.88
29.97,-79.47,29.92
29.97,-79.45,29.9
29.97,-79.43,29.78
29.97,-79.41,29.71
29.97,-79.39,29.77
29.97,-79.37,29.73
29.97,-79.35,29.73
29.97,-79.33,29.67
29.97,-79.31,29.58
29.97,-79.29,29.59
29.97,-79.27,29.7
29.97,-79.25,29.74
29.97,-79.23,29.78
29.97,-79.21,29.73
29.97,-79.19,29.68
29.97,-79.17,29.59
29.97,-79.15,29.53
29.97,-79.13,29.49
29.97,-79.11,29.44
29.97,-79.09,29.4
29.97,-79.07,29.46
29.97,-79.05,29.62
29.97,-79.03,29.78
29.97,-79.01,29.7
29.97,-78.99,29.62
29.97,-78.97,29.58
29.97,-78.95,29.58
29.97,-78.93,29.62
29.97,-78.91,29.7
29.97,-78.89,29.66
29.97,-78.87,29.58
29.97,-78.85,29.56
29.97,-78.83,29.56
29.97,-78.81,29.55
29.97,-78.79,29.49
29.97,-78.77,29.45
29.97,-78.75,29.53
29.97,-78.73,29.56
29.97,-78.71,29.58
29.97,-78.69,29.58
29.97,-78.67,29.57
29.97,-78.65,29.54
29.97,-78.63,29.43
29.97,-78.61,29.45
29.97,-78.59,29.46
29.97,-78.57,29.47
29.97,-78.55,29.46
29.97,-78.53,29.46
29.97,-78.51,29.46
29.97,-78.49,29.49
29.97,-78.47,29.52
29.97,-78.45,29.55
29.97,-78.43,29.48
29.97,-78.41,29.45
29.97,-78.39,29.43
29.97,-78.37,29.44
29.97,-78.35,29.47
29.97,-78.33,29.5
29.97,-78.29,29.49
29.97,-78.27,29.45
29.95,-81.59,31.99
29.95,-81.29,27.28
29.95,-81.27,27.39
29.95,-81.25,27.16
29.95,-81.23,27.18
29.95,-81.21,27.29
29.95,-81.19,27.4
29.95,-81.17,27.46
29.95,-81.15,27.89
29.95,-81.13,27.94
29.95,-81.11,28.06
29.95,-81.09,28.38
29.95,-81.07,28.85
29.95,-81.05,29.09
29.95,-81.03,29.28
29.95,-81.01,29.43
29.95,-80.99,29.41
29.95,-80.97,29.38
29.95,-80.95,29.39
29.95,-80.93,29.43
29.95,-80.91,29.37
29.95,-80.89,29.33
29.95,-80.87,29.3
29.95,-80.85,29.17
29.95,-80.83,29.17
29.95,-80.81,29.16
29.95,-80.79,29.16
29.95,-80.77,29.09
29.95,-80.75,29.01
29.95,-80.73,28.91
29.95,-80.71,28.9
29.95,-80.69,28.91
29.95,-80.67,28.88
29.95,-80.65,28.92
29.95,-80.63,28.91
29.95,-80.61,28.73
29.95,-80.59,28.67
29.95,-80.57,28.61
29.95,-80.55,28.93
29.95,-80.53,29.0
29.95,-80.51,29.01
29.95,-80.49,29.12
29.95,-80.47,29.12
29.95,-80.45,29.26
29.95,-80.43,29.61
29.95,-80.41,29.84
29.95,-80.39,29.89
29.95,-80.37,29.72
29.95,-80.35,29.62
29.95,-80.31,29.42
29.95,-80.29,29.43
29.95,-80.27,29.46
29.95,-80.05,29.83
29.95,-79.99,29.68
29.95,-79.97,29.67
29.95,-79.95,29.63
29.95,-79.55,29.79
29.95,-79.53,29.83
29.95,-79.51,29.82
29.95,-79.49,29.88
29.95,-79.47,29.93
29.95,-79.45,29.88
29.95,-79.43,29.85
29.95,-79.41,29.83
29.95,-79.39,29.83
29.95,-79.37,29.92
29.95,-79.35,29.79
29.95,-79.33,29.69
29.95,-79.31,29.63
29.95,-79.29,29.7
29.95,-79.27,29.72
29.95,-79.25,29.75
29.95,-79.23,29.79
29.95,-79.21,29.77
29.95,-79.19,29.75
29.95,-79.17,29.69
29.95,-79.15,29.64
29.95,-79.13,29.55
29.95,-79.11,29.49
29.95,-79.09,29.52
29.95,-79.07,29.51
29.95,-79.05,29.6
29.95,-79.03,29.7
29.95,-79.01,29.65
29.95,-78.91,29.69
29.95,-78.89,29.65
29.95,-78.87,29.61
29.95,-78.85,29.59
29.95,-78.83,29.59
29.95,-78.81,29.56
29.95,-78.79,29.56
29.95,-78.77,29.53
29.95,-78.75,29.54
29.95,-78.73,29.6
29.95,-78.71,29.59
29.95,-78.69,29.55
29.95,-78.67,29.6
29.95,-78.65,29.57
29.95,-78.63,29.45
29.95,-78.61,29.46
29.95,-78.59,29.45
29.95,-78.57,29.43
29.95,-78.55,29.42
29.95,-78.53,29.43
29.95,-78.51,29.43
29.95,-78.49,29.46
29.95,-78.47,29.5
29.95,-78.45,29.48
29.95,-78.43,29.43
29.95,-78.33,29.45
29.93,-81.59,31.95
29.93,-81.29,27.46
29.93,-81.27,27.44
29.93,-81.25,27.1
29.93,-81.23,27.04
29.93,-81.21,27.26
29.93,-81.19,27.38
29.93,-81.17,27.44
29.93,-81.15,27.75
29.93,-81.13,28.05
29.93,-81.11,28.23
29.93,-81.09,28.66
29.93,-81.07,28.92
29.93,-81.05,29.19
29.93,-81.03,29.31
29.93,-81.01,29.42
29.93,-80.99,29.45
29.93,-80.97,29.42
29.93,-80.95,29.47
29.93,-80.93,29.47
29.93,-80.91,29.46
29.93,-80.89,29.38
29.93,-80.87,29.26
29.93,-80.85,29.19
29.93,-80.83,29.2
29.93,-80.81,29.22
29.93,-80.79,29.12
29.93,-80.77,29.09
29.93,-80.75,29.02
29.93,-80.73,29.01
29.93,-80.71,29.0
29.93,-80.69,28.92
29.93,-80.67,28.95
29.93,-80.65,28.94
29.93,-80.63,28.93
29.93,-80.61,28.73
29.93,-80.59,28.73
29.93,-80.55,29.06
29.93,-80.53,29.02
29.93,-80.51,29.04
29.93,-80.49,29.21
29.93,-80.47,29.22
29.93,-80.45,29.18
29.93,-80.41,29.77
29.93,-80.39,29.75
29.93,-80.37,29.63
29.93,-80.35,29.62
29.93,-80.09,29.62
29.93,-80.07,29.83
29.93,-80.05,29.85
29.93,-79.99,29.37
29.93,-79.97,29.36
29.93,-79.79,29.85
29.93,-79.57,29.72
29.93,-79.55,29.86
29.93,-79.53,30.01
29.93,-79.51,30.01
29.93,-79.49,30.05
29.93,-79.47,29.94
29.93,-79.45,29.88
29.93,-79.43,29.81
29.93,-79.41,29.9
29.93,-79.39,29.96
29.93,-79.37,30.02
29.93,-79.35,29.93
29.93,-79.33,29.81
29.93,-79.31,29.72
29.93,-79.29,29.68
29.93,-79.27,29.73
29.93,-79.25,29.81
29.93,-79.23,29.84
29.93,-79.21,29.83
29.93,-79.19,29.86
29.93,-79.17,29.79
29.93,-79.15,29.77
29.93,-79.13,29.7
29.93,-79.11,29.66
29.93,-79.09,29.64
29.93,-79.07,29.61
29.93,-79.05,29.6
29.93,-79.03,29.77
29.93,-79.01,29.81
29.93,-78.99,29.75
29.93,-78.97,29.69
29.93,-78.95,29.59
29.93,-78.93,29.64
29.93,-78.91,29.69
29.93,-78.89,29.68
29.93,-78.87,29.66
29.93,-78.85,29.64
29.93,-78.83,29.64
29.93,-78.81,29.61
29.93,-78.79,29.59
29.93,-78.77,29.59
29.93,-78.75,29.58
29.93,-78.73,29.6
29.93,-78.71,29.58
29.93,-78.69,29.52
29.93,-78.67,29.53
29.93,-78.65,29.4
29.93,-78.63,29.44
29.93,-78.61,29.48
29.93,-78.59,29.43
29.93,-78.57,29.4
29.93,-78.55,29.4
29.93,-78.53,29.4
29.93,-78.51,29.4
29.93,-77.01,29.51
29.91,-81.61,31.45
29.91,-81.29,27.42
29.91,-81.27,26.74
29.91,-81.25,27.16
29.91,-81.23,27.1
29.91,-81.21,27.21
29.91,-81.19,27.38
29.91,-81.17,27.5
29.91,-81.15,27.6
29.91,-81.13,28.03
29.91,-81.11,28.48
29.91,-81.09,28.93
29.91,-81.07,29.18
29.91,-81.05,29.3
29.91,-81.03,29.32
29.91,-81.01,29.34
29.91,-80.99,29.42
29.91,-80.97,29.47
29.91,-80.95,29.51
29.91,-80.93,29.53
29.91,-80.91,29.5
29.91,-80.89,29.41
29.91,-80.87,29.24
29.91,-80.85,29.23
29.91,-80.83,29.26
29.91,-80.81,29.23
29.91,-80.79,29.13
29.91,-80.77,29.11
29.91,-80.75,29.1
29.91,-80.73,29.04
29.91,-80.71,29.02
29.91,-80.69,29.01
29.91,-80.67,28.95
29.91,-80.65,28.94
29.91,-80.63,28.9
29.91,-80.61,28.75
29.91,-80.59,29.02
29.91,-80.55,29.02
29.91,-80.53,29.06
29.91,-80.51,29.15
29.91,-80.49,29.17
29.91,-80.47,29.18
29.91,-80.45,29.0
29.91,-80.43,28.93
29.91,-80.39,29.51
29.91,-80.37,29.53
29.91,-80.35,29.38
29.91,-80.13,29.98
29.91,-80.11,29.87
29.91,-80.09,29.87
29.91,-80.07,29.86
29.91,-80.05,29.67
29.91,-80.03,29.66
29.91,-79.99,29.43
29.91,-79.97,29.51
29.91,-79.79,29.82
29.91,-79.77,29.83
29.91,-79.59,29.66
29.91,-79.55,29.87
29.91,-79.53,30.34
29.91,-79.51,30.23
29.91,-79.49,30.08
29.91,-79.47,30.0
29.91,-79.45,29.94
29.91,-79.43,29.87
29.91,-79.41,29.92
29.91,-79.39,30.01
29.91,-79.37,30.02
29.91,-79.35,30.03
29.91,-79.33,29.94
29.91,-79.31,29.82
29.91,-79.29,29.71
29.91,-79.27,29.8
29.91,-79.25,29.83
29.91,-79.23,29.9
29.91,-79.21,29.86
29.91,-79.19,29.9
29.91,-79.17,29.92
29.91,-79.15,29.88
29.91,-79.13,29.8
29.91,-79.11,29.72
29.91,-79.09,29.66
29.91,-79.07,29.68
29.91,-79.05,29.64
29.91,-79.03,29.72
29.91,-79.01,29.8
29.91,-78.99,29.74
29.91,-78.97,29.68
29.91,-78.95,29.64
29.91,-78.93,29.59
29.91,-78.91,29.71
29.91,-78.89,29.69
29.91,-78.87,29.65
29.91,-78.85,29.65
29.91,-78.83,29.64
29.91,-78.81,29.61
29.91,-78.79,29.58
29.91,-78.77,29.58
29.91,-78.75,29.56
29.91,-78.73,29.55
29.91,-78.71,29.56
29.91,-78.69,29.53
29.91,-78.67,29.52
29.91,-78.65,29.48
29.91,-78.63,29.4
29.91,-78.61,29.4
29.91,-78.59,29.39
29.91,-78.57,29.36
29.91,-78.55,29.33
29.91,-78.53,29.31
29.91,-77.01,29.56
29.91,-76.99,29.59
29.91,-76.97,29.59
29.89,-81.61,31.44
29.89,-81.59,31.48
29.89,-81.27,26.61
29.89,-81.25,26.86
29.89,-81.23,27.19
29.89,-81.21,27.26
29.89,-81.19,27.42
29.89,-81.17,27.54
29.89,-81.15,27.54
29.89,-81.13,28.02
29.89,-81.11,28.69
29.89,-81.09,29.1
29.89,-81.07,29.28
29.89,-81.05,29.31
29.89,-81.03,29.36
29.89,-81.01,29.37
29.89,-80.99,29.41
29.89,-80.97,29.49
29.89,-80.95,29.55
29.89,-80.93,29.52
29.89,-80.91,29.5
29.89,-80.89,29.44
29.89,-80.87,29.35
29.89,-80.85,29.28
29.89,-80.83,29.28
29.89,-80.81,29.2
29.89,-80.79,29.18
29.89,-80.77,29.19
29.89,-80.75,29.13
29.89,-80.73,29.08
29.89,-80.71,29.02
29.89,-80.69,28.98
29.89,-80.67,28.94
29.89,-80.65,28.92
29.89,-80.63,28.88
29.89,-80.61,28.83
29.89,-80.59,29.1
29.89,-80.57,29.15
29.89,-80.53,29.05
29.89,-80.51,29.14
29.89,-80.49,29.09
29.89,-80.47,29.07
29.89,-80.45,29.04
29.89,-80.43,28.92
29.89,-80.41,29.06
29.89,-80.39,29.32
29.89,-80.37,29.24
29.89,-80.35,29.33
29.89,-80.21,29.78
29.89,-80.19,29.83
29.89,-80.17,29.96
29.89,-80.15,30.14
29.89,-80.13,30.15
29.89,-80.11,30.0
29.89,-80.09,29.99
29.89,-80.07,30.18
29.89,-80.05,30.08
29.89,-80.03,29.98
29.89,-79.97,29.68
29.89,-79.75,29.98
29.89,-79.73,30.0
29.89,-79.61,29.78
29.89,-79.59,29.87
29.89,-79.57,29.79
29.89,-79.55,30.17
29.89,-79.53,30.33
29.89,-79.51,30.18
29.89,-79.49,30.1
29.89,-79.47,30.05
29.89,-79.45,29.97
29.89,-79.43,30.03
29.89,-79.41,30.01
29.89,-79.39,30.06
29.89,-79.37,30.06
29.89,-79.35,29.99
29.89,-79.33,29.96
29.89,-79.31,29.91
29.89,-79.29,29.87
29.89,-79.27,29.89
29.89,-79.25,29.86
29.89,-79.23,29.9
29.89,-79.21,29.9
29.89,-79.19,29.97
29.89,-79.17,29.89
29.89,-79.15,29.83
29.89,-79.13,29.78
29.89,-79.11,29.71
29.89,-79.09,29.68
29.89,-79.07,29.69
29.89,-79.05,29.68
29.89,-79.03,29.68
29.89,-79.01,29.7
29.89,-78.99,29.7
29.89,-78.97,29.7
29.89,-78.95,29.65
29.89,-78.93,29.55
29.89,-78.91,29.66
29.89,-78.89,29.66
29.89,-78.87,29.64
29.89,-78.85,29.64
29.89,-78.83,29.63
29.89,-78.81,29.6
29.89,-78.79,29.59
29.89,-78.77,29.56
29.89,-78.75,29.57
29.89,-78.73,29.55
29.89,-78.71,29.53
29.89,-78.69,29.49
29.89,-78.67,29.47
29.89,-78.65,29.43
29.89,-78.63,29.38
29.89,-78.61,29.38
29.89,-78.59,29.34
29.89,-78.57,29.29
29.89,-78.55,29.27
29.89,-78.53,29.24
29.89,-77.07,29.39
29.89,-77.05,29.4
29.89,-77.01,29.41
29.89,-76.99,29.52
29.89,-76.97,29.54
29.87,-81.61,31.43
29.87,-81.59,32.29
29.87,-81.25,26.85
29.87,-81.23,27.17
29.87,-81.21,27.3
29.87,-81.19,27.3
29.87,-81.17,27.4
29.87,-81.15,27.52
29.87,-81.13,27.98
29.87,-81.11,28.59
29.87,-81.09,29.1
29.87,-81.07,29.27
29.87,-81.05,29.3
29.87,-81.03,29.34
29.87,-81.01,29.39
29.87,-80.99,29.41
29.87,-80.97,29.48
29.87,-80.95,29.51
29.87,-80.93,29.51
29.87,-80.91,29.53
29.87,-80.89,29.45
29.87,-80.87,29.38
29.87,-80.85,29.35
29.87,-80.83,29.31
29.87,-80.81,29.24
29.87,-80.79,29.25
29.87,-80.77,29.23
29.87,-80.75,29.14
29.87,-80.73,29.07
29.87,-80.71,29.02
29.87,-80.69,28.92
29.87,-80.67,28.95
29.87,-80.65,28.99
29.87,-80.63,28.96
29.87,-80.61,28.83
29.87,-80.59,28.94
29.87,-80.57,29.76
29.87,-80.55,29.05
29.87,-80.53,29.04
29.87,-80.51,29.1
29.87,-80.49,29.11
29.87,-80.47,29.04
29.87,-80.45,29.04
29.87,-80.43,29.05
29.87,-80.41,29.16
29.87,-80.39,29.39
29.87,-80.37,29.36
29.87,-80.35,29.36
29.87,-80.21,29.88
29.87,-80.19,30.02
29.87,-80.17,30.21
29.87,-80.15,30.19
29.87,-80.13,30.14
29.87,-80.11,30.12
29.87,-80.09,30.12
29.87,-80.07,30.09
29.87,-80.05,30.09
29.87,-80.03,29.92
29.87,-80.01,29.65
29.87,-79.97,29.56
29.87,-79.95,29.56
29.87,-79.77,29.81
29.87,-79.75,29.8
29.87,-79.73,29.89
29.87,-79.71,29.91
29.87,-79.63,29.71
29.87,-79.61,29.83
29.87,-79.59,29.87
29.87,-79.57,29.9
29.87,-79.55,30.24
29.87,-79.53,30.32
29.87,-79.51,30.07
29.87,-79.49,30.05
29.87,-79.47,30.05
29.87,-79.45,30.05
29.87,-79.43,30.07
29.87,-79.41,30.13
29.87,-79.39,30.04
29.87,-79.37,30.03
29.87,-79.35,29.99
29.87,-79.33,29.98
29.87,-79.31,30.01
29.87,-79.29,30.01
29.87,-79.27,29.95
29.87,-79.25,29.89
29.87,-79.23,29.98
29.87,-79.21,29.9
29.87,-79.19,29.94
29.87,-79.17,29.91
29.87,-79.15,29.82
29.87,-79.13,29.77
29.87,-79.11,29.77
29.87,-79.09,29.71
29.87,-79.07,29.68
29.87,-79.05,29.68
29.87,-79.03,29.69
29.87,-79.01,29.7
29.87,-78.99,29.69
29.87,-78.97,29.66
29.87,-78.95,29.63
29.87,-78.93,29.58
29.87,-78.91,29.61
29.87,-78.89,29.64
29.87,-78.87,29.64
29.87,-78.85,29.64
29.87,-78.83,29.63
29.87,-78.81,29.61
29.87,-78.79,29.6
29.87,-78.77,29.58
29.87,-78.75,29.56
29.87,-78.73,29.54
29.87,-78.71,29.52
29.87,-78.69,29.46
29.87,-78.67,29.4
29.87,-78.65,29.42
29.87,-78.63,29.33
29.87,-78.61,29.28
29.87,-78.59,29.31
29.87,-78.57,29.28
29.87,-78.55,29.25
29.87,-77.07,29.39
29.87,-77.05,29.4
29.87,-77.03,29.42
29.87,-77.01,29.47
29.87,-76.99,29.56
29.87,-76.97,29.62
29.87,-76.95,29.53
29.87,-76.93,29.53
29.87,-76.91,29.55
29.85,-81.59,32.15
29.85,-81.57,32.69
29.85,-81.25,26.85
29.85,-81.23,27.2
29.85,-81.21,27.2
29.85,-81.19,27.17
29.85,-81.17,27.37
29.85,-81.15,27.68
29.85,-81.13,28.05
29.85,-81.11,28.52
29.85,-81.09,28.91
29.85,-81.07,29.08
29.85,-81.05,29.2
29.85,-81.03,29.35
29.85,-81.01,29.33
29.85,-80.99,29.4
29.85,-80.97,29.45
29.85,-80.95,29.5
29.85,-80.93,29.52
29.85,-80.91,29.54
29.85,-80.89,29.48
29.85,-80.87,29.43
29.85,-80.85,29.43
29.85,-80.83,29.38
29.85,-80.81,29.32
29.85,-80.79,29.24
29.85,-80.77,29.17
29.85,-80.75,29.13
29.85,-80.73,29.1
29.85,-80.71,29.06
29.85,-80.69,29.13
29.85,-80.67,29.11
29.85,-80.65,29.03
29.85,-80.63,28.98
29.85,-80.61,28.8
29.85,-80.59,28.89
29.85,-80.55,29.29
29.85,-80.53,29.04
29.85,-80.51,28.94
29.85,-80.49,28.82
29.85,-80.47,28.99
29.85,-80.45,28.87
29.85,-80.43,28.84
29.85,-80.41,29.25
29.85,-80.39,29.41
29.85,-80.37,29.41
29.85,-80.21,29.91
29.85,-80.19,29.91
29.85,-80.17,30.16
29.85,-80.15,30.07
29.85,-80.13,30.12
29.85,-80.11,30.09
29.85,-80.09,30.09
29.85,-80.07,29.95
29.85,-80.05,29.96
29.85,-80.03,29.91
29.85,-80.01,29.68
29.85,-79.99,29.55
29.85,-79.97,29.53
29.85,-79.75,29.8
29.85,-79.73,29.88
29.85,-79.71,29.95
29.85,-79.69,29.79
29.85,-79.65,29.72
29.85,-79.63,29.74
29.85,-79.59,29.84
29.85,-79.57,29.9
29.85,-79.55,30.13
29.85,-79.53,30.01
29.85,-79.51,30.05
29.85,-79.49,30.11
29.85,-79.47,30.11
29.85,-79.45,30.08
29.85,-79.43,30.11
29.85,-79.41,30.12
29.85,-79.39,30.02
29.85,-79.37,30.06
29.85,-79.35,30.03
29.85,-79.33,30.01
29.85,-79.31,30.09
29.85,-79.29,30.12
29.85,-79.27,30.03
29.85,-79.25,29.9
29.85,-79.23,29.99
29.85,-79.21,30.0
29.85,-79.19,29.96
29.85,-79.17,29.94
29.85,-79.15,29.91
29.85,-79.13,29.82
29.85,-79.11,29.76
29.85,-79.09,29.75
29.85,-79.07,29.64
29.85,-79.05,29.64
29.85,-79.03,29.64
29.85,-79.01,29.68
29.85,-78.99,29.71
29.85,-78.97,29.71
29.85,-78.95,29.77
29.85,-78.93,29.69
29.85,-78.91,29.72
29.85,-78.89,29.68
29.85,-78.87,29.67
29.85,-78.85,29.66
29.85,-78.83,29.67
29.85,-78.81,29.62
29.85,-78.79,29.61
29.85,-78.77,29.57
29.85,-78.75,29.56
29.85,-78.73,29.58
29.85,-78.71,29.53
29.85,-78.69,29.48
29.85,-78.67,29.4
29.85,-78.65,29.31
29.85,-78.63,29.23
29.85,-78.61,29.25
29.85,-78.59,29.3
29.85,-77.47,29.4
29.85,-77.23,29.04
29.85,-77.21,29.02
29.85,-77.19,29.07
29.85,-77.17,29.11
29.85,-77.15,29.12
29.85,-77.13,29.13
29.85,-77.01,29.5
29.85,-76.99,29.55
29.85,-76.97,29.63
29.85,-76.95,29.65
29.85,-76.93,29.55
29.85,-76.91,29.54
29.85,-76.89,29.56
29.83,-81.59,32.03
29.83,-81.57,32.65
29.83,-81.25,26.93
29.83,-81.23,26.97
29.83,-81.21,27.11
29.83,-81.19,27.21
29.83,-81.17,27.32
29.83,-81.15,27.66
29.83,-81.13,28.01
29.83,-81.11,28.3
29.83,-81.09,28.79
29.83,-81.07,28.9
29.83,-81.05,28.96
29.83,-81.03,29.22
29.83,-81.01,29.26
29.83,-80.99,29.33
29.83,-80.97,29.44
29.83,-80.95,29.53
29.83,-80.93,29.56
29.83,-80.91,29.54
29.83,-80.89,29.53
29.83,-80.87,29.52
29.83,-80.85,29.45
29.83,-80.83,29.37
29.83,-80.81,29.34
29.83,-80.79,29.27
29.83,-80.77,29.21
29.83,-80.75,29.23
29.83,-80.73,29.19
29.83,-80.71,29.09
29.83,-80.69,29.22
29.83,-80.67,29.2
29.83,-80.65,29.01
29.83,-80.63,28.89
29.83,-80.61,28.96
29.83,-80.59,29.06
29.83,-80.57,29.12
29.83,-80.55,29.68
29.83,-80.53,28.96
29.83,-80.51,28.84
29.83,-80.49,28.89
29.83,-80.47,29.19
29.83,-80.45,28.77
29.83,-80.43,28.77
29.83,-80.41,29.18
29.83,-80.39,29.42
29.83,-80.37,29.0
29.83,-80.21,29.68
29.83,-80.19,29.75
29.83,-80.17,29.84
29.83,-80.15,29.86
29.83,-80.13,29.96
29.83,-80.11,29.92
29.83,-80.09,30.04
29.83,-80.07,29.92
29.83,-80.05,29.83
29.83,-80.03,29.73
29.83,-80.01,29.75
29.83,-79.99,29.68
29.83,-79.75,29.91
29.83,-79.73,29.97
29.83,-79.71,29.9
29.83,-79.69,29.79
29.83,-79.65,29.8
29.83,-79.63,29.88
29.83,-79.61,29.89
29.83,-79.59,29.89
29.83,-79.55,29.99
29.83,-79.53,29.97
29.83,-79.51,30.09
29.83,-79.49,30.2
29.83,-79.47,30.14
29.83,-79.45,30.08
29.83,-79.43,30.08
29.83,-79.41,30.05
29.83,-79.39,30.06
29.83,-79.37,30.09
29.83,-79.35,30.06
29.83,-79.33,30.04
29.83,-79.31,30.08
29.83,-79.29,30.15
29.83,-79.27,30.01
29.83,-79.25,29.87
29.83,-79.23,29.97
29.83,-79.21,30.01
29.83,-79.19,30.12
29.83,-79.17,29.96
29.83,-79.15,29.86
29.83,-79.13,29.78
29.83,-79.11,29.81
29.83,-79.09,29.88
29.83,-79.07,29.82
29.83,-79.05,29.76
29.83,-79.03,29.67
29.83,-79.01,29.74
29.83,-78.99,29.75
29.83,-78.97,29.76
29.83,-78.95,29.78
29.83,-78.93,29.76
29.83,-78.91,29.74
29.83,-78.89,29.68
29.83,-78.87,29.68
29.83,-78.85,29.7
29.83,-78.83,29.66
29.83,-78.81,29.66
29.83,-78.79,29.66
29.83,-78.77,29.59
29.83,-78.75,29.58
29.83,-78.73,29.56
29.83,-78.71,29.52
29.83,-78.69,29.47
29.83,-78.67,29.48
29.83,-78.65,29.35
29.83,-77.53,29.4
29.83,-77.51,29.4
29.83,-77.49,29.41
29.83,-77.47,29.4
29.83,-77.45,29.38
29.83,-77.43,29.41
29.83,-77.41,29.39
29.83,-77.27,28.99
29.83,-77.25,29.02
29.83,-77.23,29.07
29.83,-77.21,29.01
29.83,-77.19,29.08
29.83,-77.17,29.1
29.83,-77.15,29.04
29.83,-77.13,29.06
29.83,-77.11,29.03
29.83,-76.99,29.56
29.83,-76.97,29.65
29.83,-76.95,29.67
29.83,-76.93,29.57
29.83,-76.91,29.53
29.83,-76.89,29.57
29.81,-81.25,26.94
29.81,-81.23,26.91
29.81,-81.21,27.07
29.81,-81.19,27.22
29.81,-81.17,27.3
29.81,-81.15,27.57
29.81,-81.13,27.88
29.81,-81.11,28.19
29.81,-81.09,28.48
29.81,-81.07,28.7
29.81,-81.05,28.75
29.81,-81.03,28.94
29.81,-81.01,29.2
29.81,-80.99,29.28
29.81,-80.97,29.44
29.81,-80.95,29.51
29.81,-80.93,29.5
29.81,-80.91,29.53
29.81,-80.89,29.5
29.81,-80.87,29.47
29.81,-80.85,29.49
29.81,-80.83,29.42
29.81,-80.81,29.39
29.81,-80.79,29.32
29.81,-80.77,29.31
29.81,-80.75,29.31
29.81,-80.73,29.24
29.81,-80.71,29.18
29.81,-80.69,29.22
29.81,-80.67,29.22
29.81,-80.65,28.97
29.81,-80.63,28.91
29.81,-80.61,28.98
29.81,-80.59,29.13
29.81,-80.53,28.77
29.81,-80.51,28.73
29.81,-80.49,28.84
29.81,-80.47,28.8
29.81,-80.45,28.75
29.81,-80.43,28.77
29.81,-80.41,28.9
29.81,-80.39,29.09
29.81,-80.37,29.04
29.81,-80.21,29.49
29.81,-80.19,29.58
29.81,-80.17,29.73
29.81,-80.15,29.83
29.81,-80.13,29.88
29.81,-80.11,29.82
29.81,-80.09,29.78
29.81,-80.07,29.71
29.81,-80.05,29.77
29.81,-80.03,29.71
29.81,-80.01,29.69
29.81,-79.75,29.95
29.81,-79.73,29.93
29.81,-79.71,29.83
29.81,-79.69,29.76
29.81,-79.67,29.77
29.81,-79.65,29.82
29.81,-79.63,30.08
29.81,-79.61,30.2
29.81,-79.59,29.93
29.81,-79.57,29.9
29.81,-79.55,30.04
29.81,-79.53,30.03
29.81,-79.51,30.1
29.81,-79.49,30.24
29.81,-79.47,30.17
29.81,-79.45,30.12
29.81,-79.43,30.08
29.81,-79.41,30.06
29.81,-79.39,30.06
29.81,-79.37,30.02
29.81,-79.35,30.07
29.81,-79.33,30.11
29.81,-79.31,30.07
29.81,-79.29,30.06
29.81,-79.27,30.06
29.81,-79.25,30.12
29.81,-79.23,30.1
29.81,-79.21,30.08
29.81,-79.19,30.03
29.81,-79.17,29.96
29.81,-79.15,29.88
29.81,-79.13,29.9
29.81,-79.11,29.92
29.81,-79.09,29.94
29.81,-79.07,29.89
29.81,-79.05,29.95
29.81,-79.03,29.81
29.81,-79.01,29.77
29.81,-78.99,29.75
29.81,-78.97,29.79
29.81,-78.95,29.8
29.81,-78.93,29.92
29.81,-78.91,29.91
29.81,-78.89,29.79
29.81,-78.87,29.79
29.81,-78.85,29.77
29.81,-78.83,29.83
29.81,-78.81,29.78
29.81,-78.79,29.75
29.81,-78.77,29.57
29.81,-78.75,29.53
29.81,-78.73,29.51
29.81,-78.71,29.46
29.81,-78.69,29.44
29.81,-77.25,28.96
29.81,-77.23,29.02
29.81,-77.21,29.11
29.81,-77.19,29.19
29.81,-77.17,29.04
29.81,-77.15,28.95
29.81,-77.11,29.1
29.81,-77.09,29.12
29.81,-76.97,29.64
29.81,-76.95,29.63
